1	2	3	4	5	6	7	8	9	10	11	12	13	14	15	16	17	18	19	20	21	22	23	24	25	26	27	28	29	30	31	32	33	C
0.34794	0.71136	-0.23392	0.48352	-0.20145	0.57624	-0.95332	0.9627	-0.29709	0.6677	-0.67215	0.31622	-1.09698	0.40011	-0.98907	0.74692	-0.76858	0.35565	-0.5739	0.3821	-0.58868	0.01157	-0.789	0.2973	-0.86633	-0.25351	-0.71295	-0.28788	-0.61616	0.12276	-1.05355	-0.31178	-0.99817	1
0.34794	0.72062	-0.52706	0.6334	-1.03611	-1.3372	-2.02656	0.9627	-0.46881	0.05778	-1.68238	-0.09078	-1.59735	-1.31889	-2.28261	-0.52904	-1.24557	-0.04519	-1.88022	-0.76777	-0.89025	-0.89941	-0.56864	-1.03631	-0.38251	-1.44578	-0.20812	-0.98777	-0.17328	-0.90777	-0.11505	-0.93128	-0.08317	0
0.34794	0.72062	-0.17675	0.76738	-0.24096	0.91323	-0.46084	0.74508	-0.35004	0.45189	-0.20529	0.72909	-0.17205	0.30904	-0.14866	0.73752	-0.26738	0.63226	-0.11824	0.61029	-0.54677	0.11822	-0.11985	0.3097	-0.65097	0.09337	-0.27619	0.09126	-0.28691	0.44069	-0.46343	0.40387	-0.84738	1
0.34794	0.72062	-1.12357	0.76738	1.9186	0.32896	-2.14952	-1.00943	-0.3748	-0.84505	-0.31333	-0.64418	-0.18876	-2.05898	0.1615	0.25726	-0.78445	-2.17062	-1.00302	-1.69957	1.91387	-0.60036	0.10884	1.04394	1.92359	-0.04942	1.94452	1.0793	-0.34073	-0.16745	1.95452	-1.28799	2.1043	0
0.34794	0.72062	-0.15491	0.65466	-0.10976	0.75299	-0.67578	0.51211	-0.71372	0.09192	-0.72308	0.26244	-0.20315	-3.20368E-4	-0.7542	0.23859	-0.43116	0.14639	-0.29688	-0.45402	-0.70257	-0.56211	-0.89369	-0.62801	-1.1414	-0.79182	-0.84091	-0.61494	-1.16947	-0.7167	-1.15258	-0.75659	-1.43369	1
0.34794	-1.24163	-0.11393	-1.3471	-0.51079	-1.13208	-0.45627	-0.71941	-0.23763	-0.77786	-0.44069	-0.64418	-0.18876	-0.59722	-0.49421	-0.62357	-0.19797	-0.75869	-0.05802	-0.52198	0.0548	-0.5752	0.12567	-0.62409	0.10981	-1.11204	0.29411	-0.79362	0.06935	-0.61684	0.00739	-0.66918	0.22554	0
0.34794	0.67216	-0.34069	0.66353	-0.70287	0.7672	-0.77362	0.68652	-0.93989	0.5705	-1.28195	0.61308	-1.21456	0.61597	-1.4955	0.31957	-1.36332	0.03055	-1.37241	0.04353	-1.49357	-0.07204	-1.4032	-0.2908	-1.46541	-0.78467	-1.37369	-0.57717	-1.56709	-0.69142	-1.57599	-0.93307	-1.75991	1
-2.8659	-1.28859	-0.10052	-1.15621	-0.25149	0.91323	-2.14952	-1.00943	-0.3748	-2.61968	-2.33428	-0.64418	-0.18876	-0.52718	-0.15519	1.00005	2.02032	-2.17062	-1.88022	-0.55212	-0.01601	-0.60036	0.10884	1.04394	2.10658	0.88794	1.94452	-0.65715	0.05494	1.13299	1.95452	-0.66843	-0.03092	0
0.34794	0.64738	-0.26358	0.76738	-0.56253	0.91323	-0.63848	0.9627	-1.12242	0.79773	-1.19384	0.87482	-1.01055	0.85744	-1.16705	0.97262	-0.70246	0.776	-1.22559	0.68341	-1.18531	0.55302	-1.1088	0.78645	-1.14694	0.06612	-1.14101	-0.21549	-1.20337	0.17258	-1.40972	0.07574	-1.59859	1
0.34794	-1.32604	-0.29214	-1.15621	-0.25149	-1.1166	-0.22921	-0.78323	-0.92889	-1.6554	-1.08476	-0.64418	-0.18876	-1.04272	0.68697	-1.21886	0.3096	0.44373	0.47233	-0.55212	-0.01601	-0.60036	0.10884	-0.94073	0.11392	-0.64934	0.08472	-0.65715	0.05494	-0.32646	0.47637	-0.82547	0.78185	0
0.34794	0.72062	0.05024	0.76738	-0.65053	0.91323	-0.75384	0.9627	-1.26571	0.92958	-1.14897	0.90249	-1.23699	0.86233	-1.44272	0.82578	-1.33087	0.54189	-1.32147	0.60633	-1.4889	0.44443	-1.41819	0.28098	-1.61279	-0.1347	-1.44623	0.04269	-1.59229	-0.07446	-1.72738	-0.22847	-1.93463	1
0.34794	0.72062	-1.32856	0.76738	-2.42158	0.91323	-2.14952	0.9627	0.37372	0.92958	-1.14432	0.96305	1.83196	1.00462	-2.33683	1.00005	-0.58363	1.0229	-1.7569	1.08769	1.91387	1.05591	2.00473	1.04394	-0.6641	0.88794	-1.01434	1.0793	-1.91367	1.13299	-1.93975	1.24485	-2.16613	0
0.34794	0.72062	-0.47013	0.76738	-0.47217	0.91321	-0.52104	0.9627	-0.7732	0.82408	-1.02371	0.89451	-0.79064	0.9084	-0.90593	0.91083	-0.5585	0.86541	-0.78949	0.85882	-0.929	0.77413	-0.86224	0.76872	-0.787	0.42735	-0.9348	0.4841	-1.29934	0.58554	-1.24924	0.56998	-1.46634	1
0.34794	0.72062	-2.06459	0.76738	0.23201	0.61874	-0.99533	0.9627	-0.62467	0.92958	0.39697	0.96305	-0.03171	1.00462	-0.47735	1.00005	-2.00576	1.0229	-1.88022	0.46179	0.28897	1.05591	1.2909	1.04394	-0.19456	0.88794	0.77956	1.0793	-1.25407	1.13299	1.7292	1.24485	-0.43289	0
0.34794	0.72062	0.06666	0.76738	-0.17727	0.91323	-0.33604	0.9627	-0.19367	0.92958	0.08381	0.96305	0.22201	1.00462	0.12374	1.00005	0.21988	1.0229	0.56811	1.08769	0.84777	1.05591	0.90037	1.04394	0.53396	0.88794	0.79445	1.00295	1.01249	1.13299	0.64005	1.24485	0.96648	1
0.34794	-0.26526	-2.22985	0.76738	0.3281	-1.18805	-2.14952	0.9627	-2.44155	-0.0698	-2.33428	-0.64418	-0.18876	-2.05898	-0.90272	-1.22772	0.08021	1.0229	-1.88022	-0.55212	-0.01601	-0.60036	0.10884	-0.96579	1.9539	-0.27919	0.60824	-0.65715	0.05494	1.13299	0.45889	-0.66843	-0.03092	0
0.34794	0.71349	0.046	0.76738	-0.27831	0.86879	-0.18124	0.88602	-0.32701	0.9167	-0.15553	0.79145	0.0203	0.91595	-0.04023	0.81897	0.23113	0.80102	0.21256	0.78651	0.2123	0.78541	0.38264	0.72116	0.40375	0.49035	0.37438	0.71656	0.35769	0.73267	0.31757	0.68887	0.22563	1
-2.8659	-1.28859	-0.10052	-3.0798	-2.42158	0.91323	1.6911	-2.98156	1.69196	-2.61968	1.70762	0.96305	-2.20948	1.00462	2.02646	-2.23609	-2.00576	-2.17062	1.97278	1.08769	-1.94589	-2.25662	2.00473	-2.41358	2.10658	0.88794	-1.69167	-2.39361	2.02354	-2.36667	-1.93975	1.24485	-2.16613	0
0.34794	0.05889	-0.04325	0.1254	-0.14231	0.0444	0.13106	-0.83636	0.32957	0.28399	-0.06817	0.3539	0.0999	0.67738	0.08427	0.3265	0.37267	-0.34401	0.84046	0.33154	0.39556	0.2513	0.53778	0.15947	0.60655	-0.15492	0.57401	0.09704	0.55311	0.09469	0.50959	1.24485	0.67447	1
-2.8659	0.72062	-2.36586	-1.15621	-0.25149	-1.1166	-0.22921	0.9627	1.69196	0.92958	-2.33428	-1.79938	1.83196	-0.52718	-0.15519	-2.23609	2.02032	1.0229	1.97278	-2.19192	1.91387	1.05591	1.17527	-2.41358	2.10658	0.88794	1.94452	1.0793	-1.91367	1.13299	1.95452	1.24485	2.1043	0
0.34794	0.72062	-0.11438	0.76738	-0.4649	0.91323	-0.37609	0.9627	-0.59398	0.92958	-0.53711	0.96305	-0.98673	1.00462	-0.49587	0.87261	-0.63456	0.80691	-0.61901	0.95147	-0.86655	0.99065	-0.77969	0.73058	-0.65396	0.55243	-0.64137	0.6588	-0.69768	0.79087	-0.78266	0.75417	-0.9926	1
-2.8659	0.72062	2.16482	-1.15621	-0.25149	-1.1166	-0.22921	-2.98156	-2.44155	-0.84505	-0.31333	-0.64418	-0.18876	-2.05898	-2.33683	-2.23609	-2.00576	-2.17062	1.97278	-2.19192	1.91387	-0.60036	0.10884	-0.68482	0.14	0.88794	-1.69167	-2.39361	2.02354	-2.36667	1.95452	-2.58171	2.1043	0
0.34794	0.64168	0.06005	0.76738	-0.15826	0.91323	-0.05037	0.76882	-0.48111	0.73904	-0.26119	0.69384	-0.31288	0.81366	0.05929	0.62052	0.01292	0.627	-0.05572	0.52952	-0.16857	0.46227	-0.00357	0.2777	-0.01153	0.0753	0.08634	0.20524	0.03031	0.281	0.00709	0.32837	-0.0348	1
-2.8659	-3.2978	2.16482	-1.15621	-0.25149	-1.1166	-0.22921	-2.98156	1.69196	0.92958	1.70762	-0.64418	-0.18876	-0.52718	-0.15519	1.00005	-2.00576	-2.17062	1.97278	1.08769	1.91387	-0.60036	0.10884	-2.41358	-1.82659	0.88794	-1.69167	1.0793	2.02354	-2.36667	1.95452	-0.66843	-0.03092	0
0.34794	0.72062	-0.24056	0.76738	-0.18765	0.91323	-0.32774	0.9627	-0.41008	0.92958	-0.5503	0.71382	-0.29388	0.90339	-0.29913	0.5012	-0.14126	0.47571	-0.34609	1.00422	-0.62504	0.73877	-0.49129	0.78345	-0.54513	0.35577	-0.40399	0.61209	-0.70447	0.3343	-0.5044	0.56003	-0.87405	1
0.34794	0.72062	1.2093	0.76738	-2.42158	0.91323	-2.14952	0.9627	-2.44155	0.92958	-2.33428	0.96305	-2.20948	1.00462	-2.33683	1.00005	-2.00576	1.0229	-1.88022	1.08769	-1.2279	1.05591	-1.78706	1.04394	-1.82659	0.88794	-1.69167	1.0793	-1.91367	1.13299	-1.93975	1.24485	-2.16613	0
0.34794	0.72062	-0.29792	0.76738	-0.62611	0.64194	-1.79962	0.86048	0.88702	0.84925	-1.14964	0.778	-0.83006	0.81983	-0.66641	0.69344	-1.24443	-0.37834	-1.88022	0.92837	0.1973	0.43244	-1.38033	0.27272	-1.48968	-0.11678	-1.44774	0.04872	-1.71039	-0.03968	-1.78647	-0.92368	-2.16613	1
-2.8659	-3.2978	-2.36586	-1.15621	-0.25149	-3.14642	1.6911	0.9627	-1.14983	-0.84505	-0.31333	-0.64418	-0.18876	-0.52718	-0.15519	1.00005	-2.00576	-2.17062	-1.88022	1.08769	-1.94589	-0.60036	0.10884	1.04394	-1.82659	-2.98649	1.94452	-2.39361	-1.91367	-0.61684	0.00739	-2.58171	2.1043	0
0.34794	0.72062	0.08932	0.76738	0.12582	0.91323	-0.48476	0.92665	0.95867	0.92958	0.65479	0.96305	1.00575	1.00462	1.3885	1.00005	1.67361	1.0229	1.87837	1.08769	1.91387	1.02348	2.00473	0.89913	2.10658	0.57603	1.94452	0.6421	2.02354	0.50932	1.95452	0.33564	2.1043	1
-2.8659	-3.2978	-2.36586	0.76738	1.9186	0.91323	-2.14952	-2.98156	1.69196	0.92958	-2.33428	-2.25142	-2.20948	-0.52718	-0.15519	1.00005	2.02032	-2.17062	-1.88022	1.08769	-1.94589	1.05591	-1.78706	1.04394	2.10658	0.88794	-1.69167	1.0793	-1.91367	-2.36667	1.95452	1.24485	-2.16613	0
0.34794	0.72062	-0.42301	0.76738	-0.60426	0.91323	-0.68348	0.9627	-0.53009	0.92958	-0.81877	0.96305	-0.7174	1.00462	-0.6346	1.00005	-0.76987	1.0229	-0.84303	1.08769	-0.70149	1.05591	-1.02227	1.04394	-0.79695	0.86508	-0.77693	1.0793	-1.43766	1.13299	-1.46778	1.24485	-1.83383	1
0.34794	0.72062	-2.36586	0.76738	1.9186	0.91323	-2.14952	0.9627	-2.44155	0.92958	-2.33428	0.96305	-0.22594	1.00462	-2.33683	1.00005	2.02032	1.0229	-1.60247	1.08769	1.91387	1.05591	-1.78706	-0.68482	0.14	0.88794	1.94452	1.0793	-1.50304	1.13299	1.95452	1.24485	2.1043	0
0.34794	0.48369	-0.43214	0.64058	-0.49144	0.75287	-0.5451	0.7321	-0.72689	0.72483	-0.95617	0.72629	-0.82454	0.73067	-0.93892	0.68745	-0.66974	0.62759	-0.8596	0.60485	-0.92601	0.49526	-0.84072	0.37486	-0.80566	0.05114	-0.86678	0.21418	-1.12335	0.20689	-1.10982	0.13876	-1.27118	1
0.34794	0.14303	-0.1593	-0.36202	-0.75206	0.87302	-0.41112	0.95696	-0.58635	0.92958	-0.53464	0.30352	1.83196	0.75533	-2.33683	0.71317	-0.35231	0.71569	-0.49809	-0.97705	1.77357	0.25979	0.21227	0.44739	-0.26103	0.75474	-0.62458	0.4509	-0.37621	0.8904	-1.69352	-1.11204	-2.16613	0
0.34794	0.72062	-0.46068	0.23482	0.34932	0.57715	-1.35044	0.9627	-0.95776	0.92958	-1.32103	0.641	-0.4419	0.64981	0.16416	1.00005	0.79915	1.0229	0.55854	1.0279	-0.0525	0.93333	-1.62283	1.04394	0.43111	0.88794	-0.08415	1.0793	-0.16415	1.13299	1.04661	1.24485	-1.26417	1
0.34794	0.04072	-2.36586	0.76738	1.9186	0.91323	-1.52198	0.58588	-1.21071	0.92958	-2.33428	0.96305	-1.99478	1.00462	1.44599	-0.33342	1.43617	1.0229	1.54965	1.08769	1.62956	1.05591	-1.78706	1.04394	1.81862	0.88794	-0.0294	1.00953	-0.65868	1.13299	1.27824	1.24485	0.71068	0
0.34794	0.72062	-0.09071	0.76738	-0.27773	0.91323	-0.28605	0.9627	-0.51976	0.89123	-0.43976	0.96305	-0.321	0.96266	-0.32791	0.87968	-0.2678	0.93004	-0.22973	1.08095	-0.29098	0.97003	-0.14834	0.86188	-0.27006	0.67614	-0.19918	0.83002	-0.31028	0.84912	-0.38401	0.93618	-0.47432	1
-2.8659	0.72062	2.16482	0.76738	-2.42158	-1.1166	-0.22921	-1.00943	-0.3748	-2.61968	-2.33428	-0.64418	-0.18876	-0.52718	-0.15519	-2.23609	2.02032	1.0229	1.97278	-2.19192	1.91387	-2.25662	2.00473	1.04394	-1.82659	0.88794	1.94452	-2.39361	2.02354	1.13299	1.95452	-0.66843	-0.03092	0
0.34794	0.54463	-0.00204	0.65564	-0.20201	0.80575	-0.12657	0.83613	-0.34749	0.78603	-0.18504	0.84679	0.05508	0.88281	-0.01968	0.82043	0.26338	0.76333	0.32445	0.77585	0.21266	0.67565	0.37847	0.6248	0.3622	0.37555	0.36791	0.49563	0.35613	0.62423	0.21678	0.58014	0.2135	1
0.34794	0.72062	-0.04477	0.76107	-0.146	0.8634	-0.09204	0.20826	-2.44155	0.77051	-0.08805	0.77761	0.89515	0.73007	0.15323	0.62674	0.31304	1.0229	0.83621	0.5277	0.29993	0.39569	0.42196	0.25642	0.46232	-0.10262	0.41767	0.09788	0.35881	0.05426	0.29317	1.24485	2.1043	0
0.34794	0.72062	0.04759	0.76738	0.19872	0.91323	0.27547	0.82566	0.29097	0.69485	0.47563	0.56886	0.82325	0.69144	0.98627	0.44916	1.23032	0.34618	1.25996	0.23183	1.27962	0.07131	1.41397	-0.0904	1.55755	-0.51243	1.44247	-0.32209	1.44639	-0.41785	1.42272	-0.53469	1.49456	1
0.34794	-3.2978	-2.36586	0.76738	1.9186	0.91323	-0.50525	-1.00943	-0.3748	-2.61968	1.70762	0.96305	1.83196	-0.25273	-2.33683	-2.23609	-2.00576	-0.43414	-1.88022	1.08769	-1.94589	-2.25662	2.00473	-2.41358	-1.82659	0.88794	-1.69167	-2.39361	-1.91367	1.13299	1.95452	-0.66843	-0.03092	0
0.34794	0.53842	0.09863	0.50824	0.115	0.91323	0.08952	0.07893	1.03378	0.40087	0.42874	-0.38243	0.67487	0.35544	0.85025	0.20828	1.00611	-0.06866	0.29609	0.06812	1.03504	-0.08238	1.16724	-0.25512	1.25165	-0.68845	1.15556	-0.43775	1.15934	-0.49563	1.0795	-0.43622	1.41545	1
0.34794	-2.58023	-2.36586	0.76738	1.54658	0.91323	-2.14952	0.9627	-0.85827	0.92958	1.63003	0.96305	-0.95015	1.00462	-2.33683	1.00005	0.28586	1.0229	-1.88022	1.08769	-0.08149	-1.99636	2.00473	0.24439	1.82564	0.88794	1.94452	1.0793	-1.91367	1.13299	-1.93975	1.24485	-2.16613	0
0.34794	0.70103	-0.23157	0.7634	-0.5338	0.88609	-0.60232	0.95035	-0.90891	0.80071	-0.92224	0.84494	-0.95593	0.84856	-1.11066	0.75608	-1.04079	0.82224	-1.05327	0.74359	-1.17083	0.63729	-1.1162	0.49561	-1.20671	0.2147	-1.20395	0.40226	-1.42846	0.34123	-1.55574	0.27281	-1.80838	1
-2.8659	-1.28859	-0.10052	-1.15621	-0.25149	-1.1166	-0.22921	0.9627	1.69196	0.92958	1.70762	-0.64418	-0.18876	-0.52718	-0.15519	-1.2248	-2.00576	-2.17062	-1.88022	-0.55212	-0.01601	-0.60036	0.10884	-2.41358	-1.82659	-2.98649	-1.69167	-2.39361	2.02354	1.13299	0.00739	-0.66843	-0.03092	0
0.34794	0.72062	-0.18501	0.76738	-0.41171	0.90513	-0.44119	0.95951	-0.58005	0.91079	-0.5925	0.9096	-0.62716	0.93244	-0.70276	0.85824	-0.6852	0.8725	-0.57312	0.92356	-0.68551	0.85507	-0.60484	0.80559	-0.70544	0.56195	-0.65757	0.75689	-0.78355	0.74661	-0.92679	0.76873	-1.10177	1
0.34794	0.61208	-0.16134	-3.0798	0.31558	-1.85531	0.45517	0.35643	-1.68568	0.92958	-0.38109	-1.1106	-0.19988	-1.3674	0.18192	0.86933	-0.92415	1.0229	-0.92513	-1.03971	-0.62304	-1.82374	0.81716	0.76512	-0.77907	-0.03789	-0.93043	1.0793	-1.15365	-0.78542	0.4061	-0.78546	0.86401	0
0.34794	0.68377	-0.08072	0.73089	-0.33434	0.8638	-0.33865	0.88277	-0.51887	0.91191	-0.40441	0.87808	-0.4131	0.90304	-0.43422	0.90648	-0.22589	0.69847	-0.3236	0.89541	-0.35156	0.82829	-0.24644	0.8449	-0.24721	0.53562	-0.25785	0.70676	-0.41485	0.72897	-0.4423	0.75358	-0.54128	1
0.34794	-1.28859	-0.10052	0.76738	0.87097	-1.1166	-0.22921	-0.79267	-2.44155	-0.84505	-0.31333	-0.64418	-0.18876	-2.05898	-0.64418	-1.51946	-1.66952	0.65469	1.26281	-0.55212	-0.01601	0.28489	0.78506	-2.24592	1.02158	0.88794	-1.69167	-2.39361	1.66079	-0.61684	0.00739	-0.66843	-0.03092	0
0.34794	0.40184	-0.51648	-0.31668	-0.18814	0.77969	-0.23434	0.725	-0.08969	0.59455	-0.34948	0.77917	0.92245	0.87769	-1.40932	0.59553	-0.58697	0.81015	-0.34102	1.08769	1.91387	0.17163	-0.20001	0.8722	0.08536	0.75927	0.10537	0.41219	-0.58088	0.86112	-0.49314	1.1171	-0.06134	1
-2.8659	0.72062	2.16482	0.76738	-2.42158	-1.1166	-0.22921	-1.00943	-0.3748	0.92958	1.70762	0.96305	1.83196	-2.05898	-2.33683	1.00005	-2.00576	-2.17062	1.97278	-0.55212	-0.01601	1.05591	-1.78706	1.04394	-1.82659	0.88794	1.94452	-2.39361	-1.91367	-0.61684	0.00739	-0.66843	-0.03092	0
0.34794	0.72062	2.16482	0.76738	1.9186	0.73075	1.6911	-1.54132	1.69196	-2.32069	1.70762	-2.25142	1.83196	-2.05898	1.42707	-2.23609	-1.15583	-2.17062	-0.76385	-2.19192	-1.94589	-1.47549	-1.78706	0.8713	-1.82659	0.88794	-1.69167	1.0793	-1.91367	1.13299	-0.668	1.24485	0.7131	1
0.34794	-2.65355	-2.36586	-3.0798	1.9186	0.91323	0.98667	-0.94011	-2.44155	-2.61968	-2.33428	0.96305	1.83196	0.83126	-2.33683	-2.23609	2.02032	0.76487	1.97278	1.08769	-1.94589	-2.25662	-1.78706	-1.01079	2.10658	0.88794	-1.69167	-2.39361	-1.91367	-2.36667	1.95452	1.24485	0.68675	0
0.34794	0.6334	0.08395	0.71904	-0.37447	0.85568	-0.39213	0.88573	-0.5104	0.83583	-0.28748	0.8897	-0.52814	0.92208	-0.58054	0.99406	-0.64229	0.8687	-0.64537	0.94713	-0.54318	0.8926	-0.45627	1.04219	-0.66133	0.64083	-0.50238	0.94141	-0.54783	0.85216	-0.75318	0.90363	-0.91005	1
0.34794	-1.12116	-0.5691	-3.0798	1.9186	-3.14642	1.6911	0.40804	0.60015	-2.30279	-1.58093	-2.25142	-2.20948	-2.05898	2.02646	-0.66257	1.19803	-1.24631	-0.76502	-1.77587	-1.94589	-2.25662	-0.77846	-2.41358	0.60824	0.88794	-1.69167	-2.39361	-0.71112	-2.36667	-1.93975	-2.58171	1.28134	0
0.34794	0.72062	-0.15169	0.76738	-0.34901	0.91323	-0.35752	0.9627	-0.55665	0.92958	0.8219	0.96305	-0.44616	1.00462	-0.472	1.00005	0.65965	1.0229	-0.29353	1.07923	-0.3817	0.98305	-0.27188	1.04394	-1.67485	0.64153	-0.26979	0.78272	-0.38544	0.75641	-0.43588	0.74724	-0.52161	1
-2.8659	-3.2978	2.16482	0.76738	-2.42158	-3.14642	1.6911	-1.00943	-0.3748	0.92958	1.70762	-2.25142	-0.56765	1.00462	2.02646	-2.23609	-2.00576	1.0229	-1.88022	-2.19192	-1.94589	1.05591	2.00473	1.04394	-1.82659	0.88794	1.94452	1.0793	2.02354	-0.61684	0.00739	-2.58171	-2.16613	0
0.34794	0.72062	0.03114	0.66206	-0.09051	0.91225	0.02487	0.9627	-0.41429	0.83812	-0.1712	0.89415	0.10715	0.92591	0.08968	0.85274	0.41228	0.97086	0.35963	1.08269	0.25915	0.90327	0.41995	0.89988	0.58112	0.66367	0.55497	0.88079	0.49809	0.7537	0.58327	0.93057	0.63454	1
0.34794	-0.94325	-2.36586	-3.0798	1.9186	-1.1166	-0.22921	-1.00943	-0.3748	-2.61968	1.70762	-0.64418	-0.18876	-1.467	-1.63233	0.68487	0.73491	0.25612	0.32322	-0.55212	-0.01601	-2.25662	-0.40463	-2.15067	2.03284	0.88794	1.94452	-2.39361	1.38784	-0.61684	0.00739	-0.66843	-0.03092	0
0.34794	0.72062	0.12083	0.76738	0.0132	0.91323	0.20428	0.93513	-0.18389	0.83961	0.07492	0.85042	0.30203	0.83981	0.46316	0.7659	0.54518	0.76193	0.68451	0.81537	0.59572	0.63901	0.85955	0.63237	0.82158	0.27679	0.90359	0.43272	0.96111	0.37691	0.92318	0.36956	1.05597	1
0.34794	-1.2551	-0.90754	-1.15621	-0.25149	-1.1166	-0.22921	-1.00943	-0.3748	-0.84505	-0.31333	-0.64418	-0.18876	-0.33889	-1.35509	-0.24889	1.67434	1.0229	-0.76847	-0.55212	-0.01601	-0.46234	-1.78706	-0.8685	-0.18778	0.88794	-1.26746	-2.39361	0.4261	-0.61684	0.00739	1.24485	-0.61366	0
0.34794	0.72062	0.28008	0.75492	0.10297	0.80394	0.41116	0.80018	0.0925	0.77711	0.43658	0.70991	0.75894	0.71374	0.91873	0.65173	0.9798	0.46549	1.14395	0.37524	1.10469	0.3203	1.33586	0.15036	1.22626	-0.21013	1.38326	-0.03752	1.55397	-0.02328	1.30893	-0.24558	1.64917	1
0.34794	-0.00639	2.16482	-0.75547	-2.42158	0.91323	1.6911	0.7205	0.26426	-2.03203	1.70762	-0.73935	0.99886	-0.50031	-0.04514	-1.45189	-2.00576	-0.34626	-0.01708	-0.01631	-0.86246	-2.25662	2.00473	0.71411	-1.82659	0.88794	0.01479	1.0793	2.02354	-0.25613	-1.93975	1.24485	2.1043	0
0.34794	0.72062	-1.03966	0.76738	1.40062	0.65057	0.12783	0.9627	-0.57992	0.82034	0.65652	0.40779	-0.5137	1.00462	-0.13601	0.96143	-1.00177	0.70395	-0.42565	0.89198	-0.38452	1.05591	-0.12459	0.93317	0.34999	0.7502	-0.00537	1.0793	-0.4842	0.15256	0.39387	0.31465	-0.14626	1
0.34794	0.41488	0.13956	0.76738	0.59767	0.91323	-2.14952	0.31067	-0.20069	0.92958	0.2331	0.96305	1.03575	1.00462	0.61945	1.00005	0.06107	0.35903	-0.78259	1.08769	1.20939	0.87587	0.61286	0.88892	-0.51553	0.88794	0.41627	-0.00284	0.01661	1.13299	0.44479	1.24485	0.76784	0
0.34794	0.72062	0.53482	0.76738	-0.19774	0.91323	-0.08012	0.9627	-0.28557	0.90761	0.35896	0.96305	-0.07785	1.00462	-0.05954	0.93128	-0.48789	0.77335	-0.12071	1.08769	0.06408	1.0548	0.62785	1.04394	-0.62808	0.81847	0.0869	0.84917	0.5148	1.03812	-0.42139	0.86898	-0.18741	1
-2.8659	0.72062	-2.36586	0.76738	-2.42158	0.91323	-2.14952	0.9627	-2.44155	0.92958	1.70762	0.96305	1.83196	1.00462	-2.33683	1.00005	2.02032	1.0229	1.97278	1.08769	1.91387	1.05591	-1.78706	1.04394	-1.82659	0.88794	-1.69167	1.0793	1.34683	-0.61684	0.00739	1.24485	-2.16613	0
0.34794	0.72062	1.43502	0.40784	1.52844	-0.24339	1.6911	-0.6028	1.28979	-1.62362	1.70762	-1.91607	1.36905	-2.05898	0.72332	-1.24981	-1.17304	-2.1372	-0.77868	-1.75053	-1.48926	-1.22429	-1.73949	0.0303	-1.82659	-0.23995	-1.56979	-0.20962	-1.91367	1.02048	-0.67843	1.22219	0.04266	1
0.34794	0.72062	2.16482	0.76738	-2.42158	0.91323	-2.14952	0.9627	1.69196	0.92958	1.70762	0.96305	1.83196	1.00462	-2.33683	1.00005	2.02032	1.0229	1.97278	1.08769	1.91387	1.05591	2.00473	1.04394	2.10658	0.88794	1.03548	-0.65715	0.05494	1.13299	-1.93975	1.24485	-2.16613	0
0.34794	0.72062	-0.02057	0.76738	0.14522	0.91323	0.28866	0.9627	0.1433	0.92958	0.26826	0.96305	0.5921	1.00462	0.53583	1.00005	1.32987	1.0229	1.08363	1.08769	1.16637	1.05591	1.23608	0.86402	1.48369	0.68457	1.42408	0.82944	1.37684	0.68484	1.67435	0.69943	1.58836	1
-2.8659	0.72062	-2.36586	0.76738	1.9186	-3.14642	-2.14952	0.9627	-2.44155	-0.84505	-0.31333	-0.64418	-0.18876	-2.05898	2.02646	1.00005	-2.00576	1.0229	-1.88022	-1.78197	1.91387	1.05591	-1.78706	1.04394	-1.82659	0.88794	-1.69167	-2.39361	-1.91367	-0.61684	0.00739	1.24485	-2.16613	0
0.34794	0.642	0.09475	0.70506	0.16688	0.83256	0.29794	0.92412	0.34964	0.803	0.62199	0.7423	0.87246	0.74145	1.12749	0.56709	1.39758	0.52795	1.45533	0.34114	1.31214	0.20027	1.55345	0.01731	1.60882	-0.40223	1.64992	-0.22401	1.74914	-0.37613	1.69818	-0.49532	1.81145	1
0.34794	0.10669	0.78045	-1.15621	-0.25149	-1.78516	1.11195	-1.00943	-0.3748	-0.84505	-0.31333	-0.64418	-0.18876	-0.2111	-0.68327	-0.27771	0.3987	0.1675	1.55232	-0.55212	-0.01601	-0.60036	0.10884	0.58431	0.67847	0.42669	1.28077	-0.65715	0.05494	-0.61684	0.00739	-0.66843	-0.03092	0
0.34794	0.72062	0.01434	0.76738	-0.01653	0.91323	0.14521	0.9627	0.21326	0.92958	0.39049	0.96305	0.58439	0.92152	0.78032	0.8241	1.02167	0.63818	1.17908	0.77029	1.14119	0.71767	1.29866	0.46727	1.39747	0.10176	1.38882	0.20305	1.4858	0.20605	1.40327	-0.02976	1.57568	1
-2.8659	0.72062	2.16482	-1.15621	-0.25149	0.91323	-2.14952	0.9627	-2.44155	0.92958	1.70762	0.96305	1.83196	1.00462	-2.33683	1.00005	2.02032	1.0229	1.97278	1.08769	-1.94589	-2.25662	-1.78706	1.04394	-1.82659	0.88794	-1.69167	1.0793	2.02354	-0.61684	0.00739	1.24485	-2.16613	0
0.34794	0.72062	-0.00814	0.76738	0.00853	0.91323	0.08109	0.9627	0.20226	0.90657	0.31092	0.84645	0.57182	0.86856	0.712	0.70781	0.93447	0.6815	0.95162	0.74989	1.07017	0.56451	1.2109	0.47478	1.3145	0.0918	1.23528	0.2797	1.25445	0.17604	1.24647	0.10534	1.30696	1
-2.8659	0.72062	2.16482	0.76738	-2.42158	0.91323	1.6911	0.9627	1.69196	0.92958	1.70762	0.96305	1.83196	1.00462	2.02646	1.00005	-2.00576	-2.17062	1.97278	-2.19192	1.91387	-2.25662	2.00473	1.04394	-1.82659	0.88794	1.94452	-2.39361	2.02354	-2.36667	-1.93975	-2.58171	2.1043	0
0.34794	0.72062	0.44697	0.76738	0.80296	0.91323	1.1721	0.9627	1.69196	0.92958	1.70762	0.96305	1.83196	1.00462	1.52747	1.00005	2.02032	1.0229	1.97278	0.66902	1.91387	0.88444	2.00473	0.43244	2.10658	-0.30819	1.94452	-0.46929	2.02354	-0.92079	1.95452	-2.22551	2.1043	1
-2.8659	0.72062	2.16482	0.76738	-2.42158	0.91323	1.6911	-2.98156	1.69196	-0.84505	-0.31333	0.96305	1.83196	-0.52718	-0.15519	-0.61802	0.00728	-2.17062	1.97278	-2.19192	1.91387	1.05591	2.00473	1.04394	-1.82659	0.88794	1.94452	1.0793	2.02354	1.13299	-1.93975	-2.58171	2.1043	0
0.34794	0.72062	-0.25012	0.76738	1.1143	0.91323	-0.04568	0.9627	0.04434	0.92958	-2.33428	0.96305	-1.00835	1.00462	-0.501	1.00005	0.10582	1.0229	-1.13925	1.08769	-0.52884	1.05591	-1.78706	1.04394	-1.00145	0.88794	-1.353	1.0793	-1.91367	1.13299	-1.52219	1.24485	-1.0612	1
-2.8659	0.72062	-2.36586	0.76738	1.9186	0.91323	1.6911	0.9627	1.69196	0.92958	1.70762	0.96305	-2.20948	1.00462	-2.33683	1.00005	2.02032	1.0229	-1.88022	1.08769	1.91387	1.05591	2.00473	1.04394	-1.82659	0.88794	1.94452	1.0793	-1.91367	1.13299	1.95452	1.24485	-2.16613	0
0.34794	0.56545	0.07627	0.62656	0.10117	0.7042	0.24353	0.64935	0.35264	0.55338	0.53943	0.49239	0.76063	0.55727	1.07692	0.36025	1.29965	0.24443	1.29704	0.10222	1.27653	-0.03338	1.40454	-0.27523	1.63747	-0.68576	1.46973	-0.48882	1.4534	-0.56898	1.50808	-0.7454	1.45325	1
0.34794	0.08165	-0.49274	0.42752	0.22393	-0.16983	0.40184	-0.50072	0.8302	0.92958	-0.62039	-0.62715	0.71092	-0.51095	0.6928	-0.31575	0.83601	-0.40513	0.74662	-0.48119	0.57733	-0.60173	0.58159	-0.7343	0.52161	-1.13285	0.38971	-0.74014	0.25867	-0.69707	0.14493	-0.74521	0.067	0
0.34794	0.21534	-0.1642	0.10721	-0.36386	0.51987	-0.17523	0.68556	-0.32282	0.28117	-0.13694	0.50657	-0.03034	0.59221	-0.04222	0.65297	-0.55256	0.47962	0.01779	0.73838	0.11817	-0.02704	-0.24454	0.44553	0.19528	0.1326	0.00576	0.27272	-0.3615	0.41598	-0.26624	0.40991	0.03226	1
0.34794	-0.5014	-0.24421	0.7186	-0.15757	0.91323	1.6911	-0.30299	-0.0586	0.12174	-0.04939	0.34534	-1.84757	0.35875	1.32637	0.4627	-0.20304	0.1709	-0.17655	0.52317	0.26946	0.77781	0.97188	0.12795	0.46287	-0.09405	0.39241	-0.09345	0.00352	0.06766	0.27066	-0.01005	0.24143	0
0.34794	0.06857	0.00206	0.32459	-0.48078	0.45363	-0.15674	0.29292	-0.46838	0.30009	-0.29045	0.42932	-0.4709	0.57686	-0.20458	0.62759	0.18199	0.41433	-0.10639	0.69166	-0.47482	0.62465	-0.17018	0.783	-0.15684	0.38206	0.02096	0.50266	0.09951	0.89528	0.08087	0.73224	-0.0148	1
0.34794	0.17265	-0.21378	0.56042	-0.17636	0.91323	1.16737	0.29935	-0.49692	0.01	-0.65321	0.67068	0.0044	0.34315	2.02646	0.19838	0.44649	0.49307	0.23893	1.08769	-0.59498	1.03332	-1.78706	0.30529	0.7836	0.05459	0.3932	0.0769	0.21601	0.2393	0.29251	1.24485	2.1043	0
0.34794	-0.13034	-0.13606	-0.37923	-0.25149	-0.33651	0.0193	-0.22058	-0.49636	0.1571	-0.02801	0.10587	-0.02236	0.27776	-0.27496	0.32109	0.03887	0.22765	0.04628	0.20026	0.11266	0.36092	0.26496	0.17617	0.1477	-0.10777	0.30895	0.14639	0.21705	0.1723	0.46553	0.1569	0.33751	1
0.34794	-0.44609	0.18224	-0.48295	0.01977	-0.64604	0.30761	-1.08114	0.54115	-0.76489	0.41813	-0.95102	0.49093	-0.73168	0.44088	-0.5739	0.82165	-1.1291	0.29147	-0.88054	0.08199	-0.90902	0.79826	-0.9269	0.04556	-1.24244	-0.00291	-2.39361	-1.91367	-0.66786	-0.13795	-0.67849	-0.16574	0
0.34794	0.48564	-0.5988	0.76738	0.53784	0.55604	0.13961	0.66858	-0.25284	0.76202	-0.40007	0.72507	0.31642	0.66604	0.39725	0.50178	1.17363	0.56032	0.7987	0.64783	0.51616	1.05591	0.76995	0.29642	1.16339	0.30311	1.09429	0.74766	1.20823	0.13604	1.38836	0.33338	1.12605	1
0.34794	0.41034	-0.29488	-1.76685	-1.99956	-1.29849	-1.31293	0.58105	-0.28022	0.7435	-0.32875	-0.94142	1.10381	-0.83383	-1.64012	0.76868	-0.22108	0.67128	-0.25674	-0.66623	0.96456	-1.16561	1.64326	0.67972	0.06688	0.32386	-0.33333	0.69527	-0.22281	-0.9905	-1.51469	-1.02227	-1.30921	0
0.34794	0.13534	-0.66194	0.08158	-0.15713	-0.19877	0.50552	0.27673	0.00261	0.04227	0.23146	0.28522	-0.6544	0.24538	0.67004	0.00811	-0.85045	0.00236	-0.45628	-0.11007	0.21054	0.28154	0.03594	-0.14365	-0.09942	-0.08202	0.0489	0.18239	-0.03263	0.50914	-0.48362	0.29653	0.28473	1
0.34794	-2.37718	0.23613	-1.80534	1.34081	-0.06084	-0.49675	-0.38054	-0.51556	-0.47694	-0.61991	0.11713	-0.00734	0.33594	-0.4929	-0.35251	0.91719	-0.03502	0.1119	0.2754	0.12142	-1.65667	-1.05922	1.04394	1.43077	-0.24828	-0.60292	-0.92057	0.27436	-0.57486	1.09428	0.33857	-0.22262	0
0.34794	-0.70186	0.20716	-0.28423	0.11326	-0.06549	-0.23898	0.02854	0.0568	0.08596	-0.64957	0.11713	-0.28483	0.32324	-0.06999	0.70336	-0.44386	0.10389	-0.03548	0.02141	0.11177	-0.13357	-0.28708	0.20948	0.07754	-0.07352	0.0655	-0.05573	0.24879	0.62201	-0.02899	0.08844	-0.0998	1
0.34794	0.30184	0.28122	-1.15621	-0.25149	0.03109	-0.09721	-0.23107	1.69196	-0.16432	1.69867	-0.68338	0.88656	-0.16376	0.12537	-0.66108	1.92212	-1.38818	1.68231	-0.71938	0.73284	-1.30546	0.55864	-2.26791	1.72723	-1.71076	1.73086	-2.39361	1.42117	-2.36667	0.25779	-0.66843	-0.03092	0
0.34794	0.52203	0.27569	0.36918	0.55967	0.36497	0.74083	0.16959	1.13387	-0.05883	1.32671	-0.25182	1.57923	-0.42856	1.70004	-0.82207	1.76659	-1.03275	1.5801	-1.31684	1.25625	-1.54666	1.12892	-1.86312	0.92567	-2.44105	0.59613	-1.91381	0.27578	-1.86753	-0.10019	-1.9637	-0.45591	1
0.34794	0.67469	0.33101	0.43427	0.75237	0.34023	0.89863	-0.06344	1.36702	-0.28766	1.55894	-0.47881	1.7096	-0.73021	1.68372	-1.13613	1.85171	-1.40649	1.57833	-1.67168	0.93944	-1.88244	0.74466	-2.16076	0.49101	-2.66325	0.10174	-2.0874	-0.32542	-1.79428	-0.64806	-1.81531	-1.09212	1
0.34794	-3.2978	-2.36586	-1.15621	-0.25149	-0.08516	-1.73669	0.1854	0.30514	-2.61968	-1.14935	-0.64418	-0.18876	-0.52718	-0.15519	1.00005	-0.5304	0.00867	-1.17739	1.03961	-1.94589	-2.25662	-1.78706	1.04394	-1.03227	-2.98649	-1.69167	-2.39361	-1.91367	1.13299	-1.93975	-0.66843	-0.03092	0
0.34794	0.19991	0.01216	0.36485	-0.1963	0.47834	-0.15637	0.29671	-0.1692	0.35817	0.31624	0.57626	-0.04028	0.61699	0.02899	0.52565	-0.1508	0.44189	0.04628	0.59609	0.20313	0.52894	0.33985	0.47372	0.44374	0.1936	0.37383	0.48382	0.40021	0.42884	0.29356	0.43084	0.2918	1
0.34794	0.72062	-2.36586	-1.15621	-0.25149	0.46547	-2.1354	0.58567	0.76496	-1.58883	-2.23026	-0.64418	-0.18876	-0.52718	-0.15519	0.54794	-1.5469	0.60022	-1.11528	-0.55212	-0.01601	-0.2959	-1.78706	-2.41358	-1.82659	-2.98649	-1.69167	1.0793	-1.91367	1.13299	-1.93975	-0.66843	-0.03092	0
0.34794	0.72062	-0.0618	0.69457	-0.31967	0.91323	-0.29519	0.9627	-0.4796	0.9123	-0.45665	0.94976	-0.37067	1.00462	-0.49829	1.00005	-0.27972	0.99592	-0.18129	1.08769	-0.37341	1.05591	-0.25654	1.02615	-0.29429	0.81994	-0.24161	0.98552	-0.28215	1.07063	-0.43191	0.99633	-0.52834	1
-2.8659	-1.28859	-0.10052	-1.15621	-0.25149	-1.1166	-0.22921	-1.00943	-0.3748	-0.84505	-0.31333	-0.64418	-0.18876	-0.52718	-0.15519	-0.61802	0.00728	-0.57386	0.04628	-0.55212	-0.01601	-0.60036	0.10884	-0.68482	0.14	0.88794	-1.69167	-0.65715	0.05494	-0.61684	0.00739	-0.66843	-0.03092	0
0.34794	0.6343	-0.37451	0.06177	-0.52687	0.83944	-0.57951	0.90405	-0.19995	0.78767	-0.33604	0.69855	-0.68827	1.00462	-0.84011	0.98829	-0.41981	1.00179	-0.35863	1.08769	-0.54026	0.94206	-0.63925	1.04394	-0.23824	0.67084	-0.44746	0.75681	-0.41217	0.94217	-0.61291	0.66189	-0.91859	1
0.34794	-0.71779	-0.8213	-1.15621	-0.25149	0.26738	-2.14952	-0.40434	1.60583	0.29771	-0.1832	-0.08409	-1.90331	-0.52718	-0.15519	0.33811	-0.71711	0.1459	-1.50806	-0.55212	-0.01601	-0.60036	0.10884	-0.26574	0.49011	0.88794	-0.30744	-0.55191	-0.89954	-0.33183	-1.35709	-0.66843	-0.03092	0
0.34794	0.60991	-1.21758	0.76738	-0.33161	0.89086	-1.90087	0.76712	1.00873	0.92958	-0.51753	0.96305	-0.44121	1.00462	-0.4828	1.00005	-0.34864	1.0229	-0.34848	1.08769	-0.46861	1.05591	-0.39492	1.04394	-0.44707	0.88794	-0.47907	1.0793	-0.67209	1.13299	-0.78588	1.24485	-0.98619	1
0.34794	-1.28859	-0.10052	-1.15621	-0.25149	-1.1166	-0.22921	-1.00943	-0.3748	0.25868	1.70762	-0.64418	-0.18876	-0.52718	-0.15519	-0.02605	-1.44112	0.32189	-1.88022	-0.55212	-0.01601	-0.60036	0.10884	-0.68482	0.14	0.88794	0.32598	-0.65715	0.05494	-0.61684	0.00739	-0.66843	-0.03092	0
0.34794	0.70955	-0.0886	0.46118	-0.49699	0.67446	-0.54473	0.94418	-0.50411	0.86719	-0.46482	0.72552	-0.12883	0.80795	-0.61001	0.90104	-0.25395	0.99573	-0.12585	0.92168	-0.01456	0.85444	-0.00268	0.92928	-0.25081	0.64732	-0.1973	0.98022	-0.27148	0.78745	-0.49383	0.79687	-0.62438	1
0.34794	-1.08496	0.14439	-1.15621	-0.25149	-1.1166	-0.22921	0.06992	1.32887	-0.29348	1.70762	-0.64418	-0.18876	-0.52718	-0.15519	-0.01671	-2.00576	-0.0452	-1.88022	-0.55212	-0.01601	-0.60036	0.10884	-1.42072	-1.82659	0.88794	-1.69167	0.30493	-0.41062	-0.61684	0.00739	-0.66843	-0.03092	0
0.34794	0.72062	-1.39684	0.75103	-1.84371	0.70046	-2.10055	0.9627	-1.11507	0.92958	-0.78277	0.36661	-1.93471	1.00462	-1.41039	1.00005	-1.59516	0.65199	-1.66738	1.03195	-1.94589	0.56102	-1.31111	0.38607	-1.37239	-0.0075	-1.29144	0.74972	-1.91367	1.13299	-1.93975	-0.08593	-1.65607	1
0.34794	0.03566	-1.52494	-1.15621	-0.25149	-1.1166	-0.22921	0.51449	1.69196	0.92958	-0.8798	-0.64418	-0.18876	-0.52718	-0.15519	0.38714	-0.45022	0.76887	-1.88022	1.08769	-1.94589	-0.60036	0.10884	-0.68482	0.14	0.88794	-1.58148	-0.88079	-1.77945	-0.61684	0.00739	-0.66843	-0.03092	0
0.34794	0.44504	0.33692	0.40036	0.64148	0.24751	0.84203	0.06654	1.07115	-0.19367	1.33441	-0.32889	1.54241	-0.58939	1.72722	-0.89699	1.53286	-1.11836	1.3129	-1.34249	1.0665	-1.59793	0.88607	-1.70883	0.64633	-2.27046	0.28675	-1.65112	-0.09893	-1.5769	-0.38054	-1.48946	-0.7132	1
0.34794	-0.44472	-1.48237	-1.15621	-0.25149	0.91323	-2.14952	0.76549	1.69196	-0.08196	0.98008	-0.64418	-0.18876	-0.52718	-0.15519	0.46609	-0.5765	0.76742	-1.88022	-0.55212	-0.01601	-0.60036	0.10884	-0.32178	1.47728	0.88794	0.52641	-0.65715	0.05494	-0.61684	0.00739	-0.66843	-0.03092	0
0.34794	0.72062	0.42946	0.60203	0.87724	0.46707	1.15618	-0.06951	1.36586	-0.35456	1.54049	-0.49203	1.59448	-0.86387	1.83892	-1.17088	1.52747	-1.39396	1.2894	-1.61023	0.84499	-1.82768	0.66171	-1.90944	0.21062	-2.43886	-0.09071	-1.78519	-0.49987	-1.51365	-0.85919	-1.38461	-1.16939	1
0.34794	0.54688	1.74768	-2.55991	1.9186	-1.91769	0.84107	-0.90284	0.23965	-1.17511	-0.52029	-0.69494	-0.37002	-0.50572	-0.22943	-0.60009	-0.00353	-0.5684	0.04815	-0.55133	-0.01456	-0.60041	0.1092	-0.68487	0.14003	-1.04929	0.12643	-0.65715	0.05494	-0.61684	0.00739	-0.66843	-0.03092	0
0.34794	-0.85804	-0.31627	-0.51502	-0.09648	-0.72995	0.13657	-0.53987	-0.17796	-0.12675	-0.26521	-0.14671	-0.28499	-0.05306	-0.25907	-0.15572	-0.23237	-0.04161	0.13802	-0.04456	-0.01601	-0.24543	-0.11687	-0.06741	0.04635	-0.62098	0.08479	-0.32639	0.05494	-0.31942	-0.03222	-0.38729	-0.071	1
0.34794	0.72062	-0.43475	0.76738	-0.14476	0.04806	-0.26068	0.28377	-0.34092	0.66775	-0.3796	0.51513	-0.18876	0.52749	-0.51282	-0.29971	-0.28972	0.47295	-0.28461	0.55005	0.04727	1.05591	-0.4506	-0.14635	-0.53702	-0.03446	-0.2431	-0.08782	-0.00961	-0.12918	-0.85446	0.27252	-0.17092	0
0.34794	0.68409	-0.10052	0.54861	-0.18354	0.63411	-0.14141	0.56827	-0.3748	0.38106	-0.22148	0.63105	-0.01829	0.65411	0.05379	0.39695	0.5197	0.51485	0.29147	0.6068	0.22731	0.53591	0.36465	0.60388	0.58694	0.2018	0.40074	0.51101	0.10862	0.44557	0.32798	0.45734	0.33371	1
0.34794	-0.49925	1.08609	-2.67246	-0.00536	-1.45411	-1.6959	0.30533	-0.3502	0.61269	0.50467	-1.72473	0.43218	-1.0602	-1.54419	0.13323	0.31882	0.30056	0.16095	-1.40203	0.85168	-1.38958	-0.7935	-0.12915	1.52129	-0.04248	0.83272	0.33511	0.82832	-1.57734	-0.5751	-0.18167	-1.22316	0
0.34794	0.45719	-0.26161	0.76738	-0.30561	0.91323	-0.3615	0.72167	-0.37021	0.63776	-0.44356	0.96305	-0.33601	1.00462	-0.59151	0.7879	0.11464	0.83129	-0.0265	1.08769	-0.23845	1.05591	-0.24507	0.77501	0.20993	0.88794	-0.13105	0.7706	-0.2338	1.13299	-0.29654	1.24485	-0.97515	1
0.34794	-0.41185	-0.38883	-0.03703	-0.56713	-0.74753	-1.52106	-0.32816	-0.44994	-0.32879	-0.42357	-0.17662	0.39909	0.02984	-1.0675	-0.29441	-0.02932	0.00679	0.15137	-0.34342	0.93139	0.42351	0.41908	-0.11905	0.46181	-0.25312	-0.00133	-0.05729	-0.05245	-0.39414	-0.70067	-0.11184	-0.65207	0
0.34794	0.72062	-2.19489	0.76738	1.38632	-0.12083	-0.3379	0.2185	-0.3748	0.92958	-0.31442	0.08362	-0.03626	0.42658	-0.27867	0.98189	0.00557	0.26971	0.04628	0.31419	0.12964	0.97624	0.10671	1.04394	1.69842	0.73668	0.1241	0.98102	-1.91367	1.13299	0.85237	0.16186	-0.27265	1
0.34794	0.19441	1.78726	-2.62179	-0.76819	-0.43999	-0.50354	-0.11728	-0.67005	-2.03911	-0.05449	-0.10844	-0.18876	-0.08953	-0.31102	-1.23635	1.03721	-0.19367	0.09215	0.1897	0.07589	-0.32431	-0.3877	-1.67462	-0.06127	-0.56712	-0.80224	1.0793	0.05494	-1.7834	-0.08534	-0.16734	0.01992	0
0.34794	-0.40956	-0.00612	-0.03412	-0.47755	-0.31313	-0.22921	-0.35206	-0.50397	0.0053	-0.31333	-0.1754	0.02174	0.30255	-0.10974	0.08989	-0.45405	-0.00833	-0.39521	-0.00552	0.14481	-0.18629	0.46431	-5.26704E-4	-0.22874	-0.19667	-0.05655	0.06638	-0.10911	0.40389	-0.60109	-0.03068	-0.16437	1
0.34794	0.72062	2.16482	-1.15621	-0.25149	-1.1166	-0.22921	-1.00943	-0.3748	0.00223	-2.11395	-1.47197	0.73044	-1.98988	0.46813	0.42826	2.02032	-0.57386	0.04628	-0.55212	-0.01601	0.42703	0.49372	-2.41358	-1.82659	0.88794	-1.69167	1.0793	2.02354	-0.61684	0.00739	-0.66843	-0.03092	0
0.34794	0.62452	0.04888	0.64454	0.03127	0.73046	0.13857	0.66453	-1.40739	0.75253	0.92592	0.60845	0.50491	0.5796	0.67358	0.45225	0.82949	0.9506	1.19952	0.32121	0.83484	0.17433	0.95272	0.01429	1.00921	-0.38338	0.91223	0.91139	2.02354	-0.20729	0.77884	-0.31195	0.76319	1
0.34794	-0.08628	0.81314	0.4367	1.49589	0.42609	1.12862	0.64736	-0.60181	0.88186	-0.15204	0.89594	-1.92107	0.88149	1.77434	0.92646	-0.09752	0.84204	0.39565	1.06283	-1.35909	0.83513	-1.51699	-0.19033	-0.45122	0.88794	0.43688	0.43608	0.89508	0.91876	1.5847	0.90006	1.43858	0
0.34794	0.63788	0.12894	0.76738	-0.29311	0.87898	-0.18014	0.90302	-0.56733	0.91104	-0.36822	0.93059	-0.25132	1.00462	-0.27175	1.00005	-0.09697	0.92454	0.07628	1.04866	-0.19518	1.02095	0.00801	0.89815	-0.16827	0.80419	-7.49771E-4	0.92264	0.08067	1.13299	-0.20285	1.11367	-0.17799	1
0.34794	-1.28859	-0.10052	-1.80392	1.60151	-1.1166	-0.22921	0.34876	-2.44155	0.87773	0.32095	-1.06284	-1.38527	-0.99041	1.27521	0.90547	0.33724	-0.57386	0.04628	-0.55212	-0.01601	-0.8992	-1.78706	-0.68482	0.14	0.88794	-1.69167	-0.65715	0.05494	-0.53902	1.2123	-0.66843	-0.03092	0
0.34794	0.659	-0.08067	0.76738	-0.2332	0.88599	-0.24386	0.92065	-0.43357	0.92639	-0.38426	0.96305	-0.21445	1.00462	-0.21149	1.00005	-0.01637	0.99871	0.04677	1.08769	-0.06642	1.05591	0.01889	0.97511	0.05097	0.87221	0.06328	1.02756	0.00616	1.13299	-0.06768	1.21462	-0.11872	1
0.34794	-1.28859	-0.10052	0.74659	-0.74417	-0.73257	-0.333	-1.00943	-0.3748	0.80967	-0.16586	0.96305	-0.59291	1.00462	-0.00188	1.00005	-0.22122	-0.57386	0.04628	1.08769	-0.42285	1.05591	-0.68027	-0.68482	0.14	0.88794	-0.19298	-0.65715	0.05494	1.13299	-0.49782	-0.11513	-0.36563	0
0.34794	-2.44826E-4	-0.06873	-0.49938	-0.30442	-0.04584	-0.16265	-0.62463	-0.12276	-0.0764	-0.21723	-0.29138	-0.09019	-0.07886	-0.15519	-0.02605	0.00728	-0.06757	0.18725	-0.11217	0.21934	-0.20785	0.21904	-0.30534	0.33186	-0.67532	0.22899	-0.35484	0.16329	-0.27541	0.00739	-0.34178	0.12532	1
0.34794	0.72062	2.16482	0.76738	-2.42158	-1.1166	-0.22921	-1.00943	-0.3748	0.92958	1.70762	0.96305	-2.20948	1.00462	2.02646	1.00005	-2.00576	-0.57386	0.04628	-0.55212	-0.01601	1.05591	-0.41781	-0.68482	0.14	0.88794	-1.69167	1.0793	2.02354	1.13299	-1.93975	-0.66843	-0.03092	0
0.34794	-0.59151	0.36179	-0.25329	0.27997	-0.2881	0.16269	-0.08373	0.55313	-0.3018	0.88275	-0.44738	0.9247	-0.52718	0.95789	-0.71708	1.1165	-0.89973	1.10782	-1.02062	0.85047	-1.07357	0.7279	-1.74323	0.58148	-1.95161	0.39723	-1.68486	0.41651	-1.22393	0.00739	-1.17604	-0.55383	1
0.34794	-1.28859	-0.10052	0.76738	-2.42158	-1.1166	-0.22921	-1.00943	-0.3748	0.92958	1.70762	0.96305	-0.70085	1.00462	0.35288	1.00005	-2.00576	-0.57386	0.04628	-0.55212	-0.01601	1.05591	2.00473	-0.68482	0.14	0.88794	-1.69167	-0.65715	0.05494	1.13299	-1.93975	-0.66843	-0.03092	0
0.34794	0.51379	0.76564	0.59764	0.56229	0.39085	1.06982	-0.11038	1.23605	-0.50578	1.48473	-0.67964	1.54964	-0.84255	1.64146	-1.2248	1.36904	-1.37224	0.96703	-1.75785	0.72188	-2.02523	0.27613	-1.96868	-0.10583	-2.36513	-0.3123	-1.61476	-0.78461	-1.38883	-0.98049	-1.21708	-1.23983	1
0.34794	-3.2978	0.53616	-0.72875	0.07474	-2.65303	-1.59232	-1.61525	1.0976	-2.61968	1.70762	-1.95728	0.49802	-1.7386	-0.21221	-2.20436	-1.66368	-1.53401	-0.9988	-0.62714	-1.61795	0.95849	-1.67554	-2.41358	-0.70833	0.39172	0.29325	-2.39361	0.15788	-0.2966	0.05829	-1.43759	-1.06097	0
0.34794	-0.75279	-0.32705	-0.1303	-0.25149	-0.43999	-0.48524	-0.28631	-0.13367	0.16058	-0.27964	0.50768	-0.02038	0.54508	-0.30064	0.24495	0.40989	0.09146	0.01417	-0.03284	0.36997	0.55903	0.10884	-0.25263	0.4022	-0.15401	0.22531	0.03743	0.12055	0.19975	0.07229	0.12878	-0.13768	1
0.34794	-1.82439	0.80562	-1.68141	0.01237	-1.47746	-0.31455	-0.88732	-0.51697	-0.76588	-0.26129	-0.65841	-0.13368	-0.55148	-0.15881	-0.61952	-0.01049	-0.56636	0.04334	-0.54985	-0.01142	-0.60224	0.11077	-0.68601	0.13901	-1.04891	0.12564	-0.6567	0.05504	-0.61684	0.00768	-0.66858	-0.03088	0
0.34794	0.72062	-0.95768	0.09153	0.39368	0.20005	-0.6963	0.69619	0.01621	0.92958	-0.85953	0.18115	-0.18876	0.42501	-0.2731	-0.09325	-0.42798	0.57314	-0.29405	0.46722	0.0883	0.65304	0.36505	-0.07742	-0.44467	0.13303	-0.27652	0.35829	-0.39837	0.66007	-1.15036	0.31406	-0.55029	1
0.34794	0.61074	-0.18017	-3.0798	-0.97203	-3.14642	-0.25922	0.90878	-0.35057	0.81173	-0.3528	-2.25142	0.14276	-2.05898	-0.16372	0.92421	-0.0635	0.89816	-0.00639	-2.17911	0.21015	-2.14663	0.76796	0.96965	0.13231	0.54004	0.37656	0.90972	-0.0758	-2.36667	-0.3577	-2.58171	-0.7649	0
0.34794	0.62422	-0.04946	0.64729	-0.27909	0.78182	-0.2059	0.89772	-0.41063	0.87521	-0.30282	0.89338	-0.25068	0.93201	-0.16402	0.99164	-0.04625	1.01921	0.08081	0.98248	-0.11194	0.95347	0.0639	0.99297	0.05246	0.81462	0.09648	1.03414	0.0925	1.05309	-0.05901	1.16522	-0.01364	1
0.34794	0.72062	-0.22577	0.76738	-2.42158	-0.10168	-0.44257	-0.29728	-0.83407	0.92958	-0.83295	-0.3763	-0.41329	1.00462	-0.91134	1.00005	-0.77484	1.0229	-0.77945	-0.55212	-0.49848	1.05591	-0.84542	1.04394	-0.40628	0.88794	-0.91156	1.0793	-0.4919	1.13299	-1.22235	1.24485	-1.43877	0
0.34794	-0.66505	-0.33487	-0.69189	-0.47599	-0.69663	-0.36165	-0.8634	-0.48704	-0.78029	-0.38788	-0.61675	-0.23692	-0.51583	-0.18752	-0.61347	-0.0107	-0.57261	0.03621	-0.55216	-0.02178	-0.60082	0.10569	-0.68536	0.13823	-1.04976	0.12555	-0.65747	0.05447	-0.61705	0.00715	-0.66858	-0.03105	1
0.34794	-0.02791	-0.27819	0.23934	-0.25149	0.11721	-0.37982	0.22798	-0.61795	0.37283	-0.55109	0.42731	-0.46611	0.46398	-0.36907	0.27033	-0.22955	0.30279	-0.36924	0.41248	-0.39442	0.50383	-0.33725	0.09481	-0.36129	-0.034	-0.32206	0.33025	-0.56267	0.13799	-0.41259	0.23194	-0.61706	0
0.34794	-0.78629	0.27705	-0.25853	0.32721	-0.7302	0.23101	-0.85628	0.03729	-0.82606	-0.01176	-0.68223	0.01711	-0.58363	-0.01737	-0.67896	0.07689	-0.62544	0.0758	-0.59268	-0.00912	-0.62894	0.10366	-0.70378	0.1294	-1.06131	0.11577	-0.66226	0.0447	-0.6184	-5.57347E-4	-0.66795	-0.03713	1
0.34794	-2.60713	0.25344	-1.03598	-0.25149	-1.1166	-0.10919	0.22315	-0.24562	-0.51231	-0.31333	-0.69441	6.79619E-4	-0.43144	-0.15519	-0.3652	-0.30726	0.12472	-0.67615	-0.55212	-0.19694	-0.60036	0.10884	-0.6308	-0.78184	-0.98874	0.12643	-1.90523	0.11646	-0.67152	0.00739	-0.66843	0.16926	0
0.34794	0.72062	-0.12501	0.76738	-0.31015	0.91323	-0.35376	0.86676	-0.40832	0.9104	-0.37887	0.94568	-0.01399	1.00462	-0.29669	0.92133	0.19226	0.98838	0.03586	1.08769	0.10916	1.05591	0.19081	1.00656	0.32071	0.85997	0.14917	1.0793	-0.0089	1.13299	0.06002	1.24485	-0.18096	1
0.34794	0.42468	0.0224	0.76738	-0.07639	0.91323	1.6911	0.79454	-0.39081	0.64069	-0.235	0.96305	0.35992	1.00462	2.02646	0.69901	0.10091	0.87437	0.2703	1.08769	0.96186	1.05591	-1.78706	0.7089	0.21622	0.88794	1.42842	0.81008	0.19229	1.13299	1.70757	1.24485	2.1043	0
0.34794	0.52721	-0.13685	0.76738	-0.07743	0.91323	-0.19841	0.8256	-0.36374	0.81571	-0.34574	0.96305	-0.18876	1.00462	-0.01519	1.00005	0.10417	0.88628	0.1287	1.03507	0.02527	1.03819	0.07842	0.97923	0.24517	0.82932	0.20737	0.86574	0.076	1.13299	0.1844	1.20392	0.1061	1
0.34794	-1.70048	0.55077	-0.71378	-0.03448	-0.54317	0.38049	-0.37342	0.34857	-0.20112	-1.01292	-0.49551	0.36694	-0.6727	0.30296	-0.7596	0.48034	-1.11975	0.65136	-1.33922	-0.1704	-0.105	0.73782	-1.6875	-0.33199	-0.42569	-0.39128	-1.47329	0.41913	-1.09111	-0.60067	0.1054	0.03421	0
0.34794	-0.08306	-0.02501	0.06206	-0.10681	0.30428	-0.10118	0.37106	-0.3748	0.27888	-0.31333	0.64161	-0.18876	0.59613	-0.15519	0.51463	0.20858	0.49065	0.23893	0.6504	-0.08033	0.66945	0.10884	0.41005	0.4022	0.22797	0.31129	0.38472	0.31741	0.43306	0.33192	0.54331	0.32496	1
0.34794	-1.17073	-0.1195	-1.02725	-0.2333	-1.1166	-0.25066	-0.99841	-0.45563	-0.81531	-0.46575	-0.65317	-0.08152	-0.42876	-0.22831	-0.61802	0.19846	-0.67645	0.19158	-0.62999	0.03251	-0.5541	0.09824	-0.67033	0.15099	-0.84906	0.11119	-0.60379	0.04945	-0.53864	0.00739	-0.57757	-0.10249	0
0.34794	0.61319	0.54993	0.23943	1.20785	-0.15113	1.35418	-0.98444	1.46687	-1.28642	1.39387	-1.40993	0.94444	-1.68953	0.7555	-1.69331	0.15238	-1.61856	-0.32987	-1.4126	-0.86516	-1.11133	-0.93559	-0.75603	-1.1342	-0.73767	-0.89934	-0.01897	-0.76993	0.18912	-0.4314	0.2954	-0.1586	1
0.34794	-1.17889	-0.06796	-1.20595	-0.15171	-1.08743	-0.14091	-1.16245	-0.35698	-0.81446	-0.44689	-0.70423	-0.10167	-0.65483	-0.2555	-0.77146	0.16925	-0.6381	0.14592	-0.51914	0.02836	-0.66223	0.08705	-0.63017	0.12304	-1.03258	0.15777	-0.61225	0.07756	-0.57159	0.02976	-0.7564	-0.0432	0
0.34794	0.16636	-0.12507	0.37697	-0.22797	0.50726	-0.22543	0.54885	-0.35239	0.54669	-0.33323	0.69545	-0.12307	0.77673	-0.11864	0.67804	-0.00858	0.68939	-0.01066	0.6935	0.04864	0.63817	0.21343	0.57045	0.11093	0.46255	0.13755	0.62937	-0.04398	0.83475	0.06494	0.84335	-0.01409	1
0.34794	-1.2112	-0.04234	-1.14797	-0.25149	-1.07606	-0.26756	-0.96723	-0.47799	-0.93112	-0.33928	-0.62125	-0.23488	-0.52718	-0.22676	-0.6942	-0.05015	-0.6012	0.11498	-0.51702	-0.00775	-0.51529	0.06557	-0.59603	0.17646	-0.9719	0.15495	-0.62248	0.06897	-0.66178	-0.02871	-0.69573	0.01172	0
0.34794	-0.34245	0.41487	-0.34199	0.47762	-0.59572	0.68522	-0.97291	0.64765	-0.8826	0.77734	-1.19268	0.44205	-1.15935	0.55472	-1.45273	0.14574	-1.37224	-0.17796	-0.79505	-0.29681	-0.84573	-0.6134	-1.08727	0.14521	-0.98004	-0.45062	-0.38153	-0.37211	-0.18169	-0.46653	-0.1572	0.05947	1
0.34794	-1.11387	-0.08498	-0.88769	-0.34088	-0.90294	-0.3874	-0.76122	-0.50248	-0.43083	-0.33645	-0.44558	-0.03155	-0.30285	-0.44973	-0.14778	-0.08945	-0.27059	0.18736	-0.36075	-0.01601	-0.41464	0.10449	-0.42373	-0.0625	-0.88525	0.15139	-0.46244	-0.0757	-0.44866	-0.1352	-0.44515	-0.1775	0
0.34794	0.60676	0.77331	-0.22783	1.14896	-0.67872	1.2593	-2.11266	0.96651	-2.15251	0.53644	-1.8665	-0.18876	-1.48771	-0.83322	-1.23921	-1.24396	-0.7782	-1.28853	0.2663	-1.2438	0.58356	-0.60516	0.59199	0.03215	0.11495	0.67884	0.1333	1.24618	-0.56886	1.06817	-1.08116	1.04645	1
0.34794	-1.24891	-0.08455	-1.07753	-0.26985	-1.07364	-0.20755	-0.98719	-0.28444	-0.84005	-0.31048	-0.61244	-0.25147	-0.55744	-0.02287	-0.6842	0.06123	-0.61215	0.03813	-0.48042	-0.06501	-0.56998	0.10884	-0.68482	0.11504	-1.01375	0.10592	-0.64736	0.0244	-0.64646	-0.03931	-0.65494	-0.03092	0
0.34794	0.43403	-0.09882	0.41973	-0.37466	0.45694	-0.30952	0.65341	-0.18802	0.68571	-0.07185	0.77101	-0.31251	0.67286	-0.07861	0.73661	-0.12953	0.76056	-0.22709	0.89296	0.00705	0.89881	0.1513	0.69276	0.1018	0.54666	0.05956	0.8731	-0.07151	0.67692	-0.03043	0.84476	-0.22706	1
0.34794	0.72062	-2.36586	0.76738	1.9186	-3.14642	1.6911	0.9627	-2.44155	0.92958	-2.33428	-2.25142	-2.20948	-2.05898	2.02646	1.00005	2.02032	1.0229	1.97278	-2.19192	1.91387	1.05591	-1.78706	1.04394	-1.82659	0.88794	1.94452	1.0793	2.02354	-2.36667	1.95452	-2.58171	2.1043	0
0.34794	0.42344	0.78867	-0.40818	1.40715	-0.93679	1.67003	-1.85005	1.45932	-2.19784	0.69674	-2.14039	0.02883	-1.843	-0.83245	-1.68643	-1.10516	-0.8814	-1.61172	-0.08569	-1.56949	0.4704	-0.55909	0.66039	-0.31869	0.33967	0.51446	-2.52108E-4	1.20283	-0.2727	1.29863	-0.883	1.35554	1
0.34794	0.72062	2.16482	0.76738	0.86068	0.15204	-2.14952	0.9627	1.69196	-0.80068	-0.25017	0.96305	1.83196	-0.52718	-0.15519	1.00005	-2.00576	1.0229	1.97278	1.08769	1.91387	-0.08277	2.00473	1.04394	2.10658	0.88794	1.94452	1.0793	2.02354	-2.26824	1.95452	-0.66843	-0.03092	0
0.34794	0.72062	1.1432	0.05075	1.9186	-1.07679	1.6911	-1.97617	1.52986	-2.30651	0.87547	-2.25142	0.04897	-1.9989	-0.88239	-1.66501	-1.37421	-0.94956	-1.6158	0.02664	-1.94589	0.63373	-1.26662	0.90835	-0.28418	0.74989	0.52415	0.60263	1.17435	-0.20512	1.76363	-0.89353	1.89496	1
0.34794	-1.28859	-0.10052	-3.0798	-2.42158	-3.14642	1.6911	-1.00943	-0.3748	-2.61968	1.70762	0.96305	1.83196	1.00462	-2.33683	-0.61802	0.00728	-0.57386	0.04628	-2.19192	-1.94589	-2.25662	2.00473	1.04394	1.00038	0.88794	-1.69167	-0.65715	0.05494	-2.36667	-1.93975	-2.58171	2.1043	0
0.34794	-0.39562	0.90629	-0.12334	1.71815	-1.56766	1.6911	-1.6668	1.46232	-2.61968	0.36031	-2.25142	-0.41329	-2.05898	-0.63999	-1.69674	-1.55842	0.31324	-1.88022	-0.91651	-1.51704	0.68786	-0.31247	-0.10857	0.14	0.73529	0.94492	0.34051	1.71551	-0.22799	1.95452	-1.73137	2.1043	1
-2.8659	-1.28859	-0.10052	-1.15621	-0.25149	-1.1166	-0.22921	-1.00943	-0.3748	-0.84505	-0.31333	-0.64418	-0.18876	-0.52718	-0.15519	-0.61802	0.00728	-0.57386	0.04628	-0.55212	-0.01601	-0.60036	0.10884	-0.68482	0.14	0.88794	0.12643	-0.65715	0.05494	-0.61684	0.00739	-0.66843	-0.03092	0
0.34794	0.72062	-0.10052	0.76738	-0.25149	-0.10168	0.73095	0.46967	-0.3748	0.77343	-0.06892	0.78733	0.09838	0.80429	0.19885	0.59553	0.51054	0.62371	1.00953	0.67774	-0.01601	1.05591	-0.36514	0.17956	1.12329	0.38318	0.60619	0.64519	0.54709	0.60166	0.5735	0.6229	0.6159	1
-2.8659	-3.2978	2.16482	0.76738	1.9186	-1.1166	-0.22921	0.9627	-2.44155	0.92958	-2.33428	0.96305	-2.20948	-2.05898	-2.33683	-0.61802	0.00728	-2.17062	-1.88022	-0.55212	-0.01601	-0.60036	0.10884	-2.41358	-1.82659	0.88794	-1.69167	1.0793	2.02354	-2.36667	-1.93975	-0.66843	-0.03092	0
0.34794	0.72062	-0.10052	0.76738	-0.25149	0.23663	-0.01584	0.9627	-0.60443	0.7324	-0.53788	0.96305	-0.63781	0.66422	-0.15519	0.64048	0.00728	1.0229	-0.16777	0.72329	-0.23044	0.50383	-0.10182	0.46769	0.14	0.70094	0.02912	1.0793	0.27367	0.93857	-0.20896	1.24485	-0.03092	1
-2.8659	-1.28859	-0.10052	-1.15621	-0.25149	-1.1166	-0.22921	-1.00943	-0.3748	-0.84505	-0.31333	-2.25142	-2.20948	-0.52718	-0.15519	1.00005	1.51706	-0.57386	0.04628	-0.55212	-0.01601	-2.25662	2.00473	-0.68482	0.14	0.88794	-1.69167	-2.39361	-1.91367	1.13299	1.95452	-0.66843	-0.03092	0
0.34794	0.72062	0.92919	0.76738	-1.2379	0.91323	-0.05463	0.9627	-0.56268	0.92958	-0.31333	0.96305	-0.73987	1.00462	-0.55185	1.00005	0.19029	1.0229	0.04628	1.08769	-0.71779	1.05591	0.28119	1.04394	-0.03879	0.88794	0.03708	1.0793	0.94977	1.13299	-0.52366	1.24485	-0.41914	1
0.34794	-0.04045	-1.54209	-1.15621	-0.25149	-1.1166	-0.22921	-0.32964	0.22018	-0.08545	0.4828	-0.76595	0.85987	0.02984	0.5307	-1.48835	0.67068	-0.38032	-0.23832	-0.52106	-1.04674	-1.55397	0.44636	-0.18059	-0.39635	-0.55029	-0.92036	0.09268	0.53217	-0.29869	-0.03687	-0.34231	-0.9206	0
0.34794	0.72062	0.166	0.76738	0.25911	0.91323	0.5615	0.9627	-0.25323	0.92958	0.16218	0.96305	0.04897	1.00462	0.87147	1.00005	-0.11113	1.0229	-0.18037	1.08769	0.66512	1.05591	0.88949	1.04394	-0.09137	0.88794	0.49414	1.0793	0.17073	1.13299	0.69461	1.24485	0.47148	1
0.34794	-1.28859	-0.10052	-3.0798	-1.61357	0.91323	0.75138	-0.85208	-0.8585	-2.61968	-1.04431	-0.439	-1.38186	1.00462	-2.33683	-0.61802	0.00728	0.75112	-0.10743	-0.96207	1.91387	-0.31844	-1.23241	-0.68482	0.14	-1.42023	-0.72461	-1.04508	-0.90842	0.68623	1.76811	-1.96091	0.94584	0
0.34794	0.55319	0.56021	0.44678	-0.61318	0.32119	0.25087	0.71618	-0.54702	0.7817	-0.22912	0.69518	0.06383	0.55784	-0.15519	0.79779	0.09116	1.0229	0.20682	0.54109	-0.17683	0.64184	0.42482	0.7558	-0.10583	0.57403	0.22648	1.0793	0.46506	0.62262	0.00739	0.6868	0.05806	1
0.34794	-0.91508	-0.47808	-1.15621	-0.25149	-1.1166	-0.22921	-1.00943	-0.3748	-0.84505	-0.31333	-0.45874	-0.57413	-0.52718	-0.15519	-0.61802	0.00728	-0.57386	0.04628	-0.55212	-0.01601	-0.68529	-0.01574	-0.54906	0.31648	-0.71398	-0.07169	-0.4401	0.24422	-0.57197	-0.08623	-0.34648	0.38654	0
0.34794	0.72062	-0.28589	0.76738	-0.49727	0.89792	-0.8015	0.9627	-1.05837	0.87035	-1.00613	0.73463	-1.14386	0.8806	-1.20608	0.56453	-1.3057	0.51403	-1.17789	0.7999	-1.52742	0.37401	-1.30901	0.47402	-1.75375	-0.10475	-1.43112	0.00168	-1.59658	-0.19483	-1.72257	-0.10935	-1.94452	1
0.34794	0.72062	2.16482	-3.0798	1.9186	-3.14642	-1.81262	-0.32611	0.06032	-0.02778	-0.1715	-0.27762	-0.07354	0.01029	0.60073	0.56005	-0.07217	-0.20969	1.06868	-0.55212	-0.01601	-1.09434	-0.19883	1.04394	-1.17107	0.88794	-1.69167	1.0793	-0.42857	-0.00286	0.40022	0.91758	0.13766	0
0.34794	0.72062	0.44491	0.76382	-0.24348	0.51222	-0.80785	0.76389	-0.86019	0.4086	-0.79991	0.54284	-0.80587	0.56793	-0.94228	0.14561	-1.22448	0.0724	-1.01443	0.44884	-0.77499	0.28038	-0.51076	-0.27051	-0.88542	-0.48345	-0.75335	-0.43529	-0.71563	-0.34287	-0.99206	-0.31729	-1.02599	1
-2.8659	-3.2978	2.16482	0.76738	-2.42158	-1.1166	-0.22921	-1.00943	-0.3748	0.92958	-2.33428	0.96305	1.83196	-0.52718	-0.15519	1.00005	-2.00576	-0.57386	0.04628	-0.55212	-0.01601	1.05591	2.00473	-2.41358	2.10658	0.88794	-1.69167	-2.39361	2.02354	-2.36667	-1.93975	-0.66843	-0.03092	0
0.34794	0.56485	-0.54108	0.6985	-0.63503	0.64984	-0.66324	0.60184	-0.93427	0.56172	-0.89756	0.48574	-1.19183	0.44303	-1.24529	-0.01522	-1.41652	-0.14162	-1.3429	0.1121	-1.06147	-0.04536	-1.02284	-0.42983	-1.11078	-0.86888	-0.95696	-0.78152	-1.02638	-0.64904	-1.04551	-0.8111	-1.05364	1
0.34794	-3.2978	-2.36586	-2.13135	1.9186	0.91323	-2.14952	0.9627	0.73751	-0.84505	-0.31333	-0.25912	-2.20948	1.00462	2.02646	-0.61802	0.00728	1.0229	1.97278	1.08769	1.91387	-0.60036	0.10884	-1.92136	2.10658	-0.40354	-1.69167	1.0793	-1.91367	0.6044	-1.93975	0.2417	2.1043	0
0.34794	0.4027	0.884	-0.19441	1.40125	-0.91532	1.56551	-1.75419	1.44779	-2.12923	0.92311	-2.15309	0.20344	-1.85539	-0.71209	-1.63528	-1.31351	-0.97473	-1.60384	-0.28573	-1.68532	0.25224	-1.1591	0.60993	-0.42841	0.46053	0.27066	0.45652	0.89803	-0.06678	1.22332	-0.6765	1.45111	1
0.34794	0.72062	2.16482	-1.15621	-0.25149	0.91323	-2.14952	-2.98156	-2.44155	0.92958	1.70762	0.96305	-2.20948	-0.52718	-0.15519	1.00005	-2.00576	1.0229	1.97278	-0.55212	-0.01601	1.05591	-1.78706	-2.41358	-1.82659	0.88794	1.94452	-2.39361	2.02354	-2.36667	1.95452	-0.66843	-0.03092	0
0.34794	0.72062	1.33906	0.76738	1.9186	0.44886	1.6911	-1.6668	1.69196	-2.61968	1.70762	-0.64418	1.83196	-2.05898	2.02646	-2.23609	0.00728	-2.17062	-1.23806	-2.19192	-1.80185	-2.25662	-0.52312	-1.26107	-1.82659	-0.67665	-1.69167	1.0793	-1.91367	-0.61684	-1.93975	1.24485	-1.4544	1
-2.8659	-3.2978	2.16482	-3.0798	-2.42158	-1.1166	-0.22921	-2.98156	1.69196	0.92958	-2.33428	-2.25142	-2.20948	-2.05898	2.02646	-0.61802	0.00728	-2.17062	-1.88022	-2.19192	1.91387	-0.60036	0.10884	1.04394	-1.82659	0.88794	1.94452	1.0793	-1.91367	1.13299	1.95452	-0.66843	-0.03092	0
0.34794	0.72062	0.0545	0.76738	0.0569	0.91323	0.19533	0.9627	-0.63314	0.92958	0.48484	0.96305	0.80101	1.00462	1.13168	-1.2248	2.02032	1.0229	0.04628	1.08769	1.7595	1.05591	2.00473	1.04394	2.10658	0.88794	1.94452	1.0793	0.54709	1.13299	1.95452	1.24485	2.1043	1
-2.8659	-3.2978	-2.36586	-1.15621	-0.25149	-1.1166	-0.22921	-1.00943	-0.3748	-0.84505	-0.31333	-0.64418	-0.18876	1.00462	-2.33683	-0.61802	0.00728	-2.17062	-1.88022	-0.55212	-0.01601	1.05591	2.00473	1.04394	-1.82659	0.88794	-1.69167	-0.65715	0.05494	-0.61684	0.00739	-0.66843	-0.03092	0
0.34794	0.01633	-0.27939	-0.03545	-0.56355	-1.38309	-0.63985	-0.42182	-0.2838	-0.16899	-0.84563	-0.17919	-0.83533	-0.4742	-0.56854	-0.29005	-0.58538	-0.33122	-0.5134	-0.39612	-0.62441	-0.49177	-0.39917	-0.63289	-0.35409	-1.05017	-0.29555	-0.70251	-0.36101	-0.69938	-0.3616	-0.64287	-0.61172	1
0.34794	-1.28859	-0.10052	-1.15621	-0.25149	-1.1166	-0.22921	-1.00943	-0.3748	0.92958	-0.98697	-0.3763	0.33747	-0.52718	-0.15519	-0.61802	0.00728	-0.57386	0.04628	-0.87667	-0.43817	-0.87641	1.82699	-2.41358	1.12329	-0.96855	1.49	-1.0551	-1.91367	-0.83557	-0.51996	-1.04711	-2.03268	0
0.34794	0.72062	0.01612	0.75513	-0.03181	0.83492	0.05415	0.87421	-0.9224	0.32667	0.79215	0.64845	0.32214	0.60299	0.44215	0.46245	0.5853	0.37805	0.61083	0.30868	0.54752	0.1546	0.64871	-0.01021	0.67542	-0.41135	0.591	-0.18169	0.5189	-0.22441	0.42365	-0.32239	0.37654	1
0.34794	0.72062	-0.31627	-3.0798	-2.42158	-3.14642	-2.14952	0.9627	0.28132	0.5986	1.22643	-2.25142	-2.20948	-2.05898	2.02646	0.14836	2.02032	1.0229	1.97278	0.57671	-1.94589	-2.25662	-1.78706	0.74896	0.85796	0.88794	1.94452	1.0793	1.05487	-2.36667	-0.62621	-2.58171	1.52418	0
0.34794	0.59342	-0.10482	0.01258	0.68608	0.75722	-0.99981	0.82708	-0.027	0.86209	-0.13021	0.95785	-0.02363	0.87573	-0.04399	0.75132	-0.5025	0.82138	-0.23271	0.8396	0.48833	0.64319	0.03981	0.77679	0.08908	0.64178	0.08457	1.05402	0.23969	0.75358	-0.1911	0.97395	-0.34533	1
0.34794	0.72062	-2.36586	0.76738	1.9186	0.91323	1.6911	0.9627	-1.40817	0.92958	1.70762	0.96305	1.83196	1.00462	2.02646	-0.61802	0.00728	1.0229	1.97278	1.08769	1.91387	1.05591	-1.78706	1.04394	2.10658	0.88794	1.26274	1.0793	-1.42152	-1.92921	1.95452	1.24485	2.1043	0
0.34794	0.72062	0.42182	0.76738	-1.95521	0.91323	-0.42894	0.9627	-0.05623	0.92958	0.2489	0.93284	-0.3274	1.00462	-0.01098	0.93212	-0.37427	0.76078	-0.25489	1.04506	0.05594	1.04968	0.28405	1.04394	0.11535	0.81506	0.04285	0.92589	0.13142	1.13299	-0.2598	1.17832	-0.2811	1
0.34794	-0.54767	-2.36586	-3.0798	-2.42158	-1.2721	1.6911	0.9627	1.58947	0.47877	-1.09564	-2.25142	-1.79146	-0.67541	2.02646	0.16972	0.94338	-0.06681	-0.48275	-0.78731	-0.40562	-0.79871	0.23956	-0.63259	0.27056	-0.98258	0.10486	-0.66415	0.02202	-0.63016	0.00949	-0.66814	-0.02398	0
0.34794	0.3157	0.76632	0.39813	-0.61962	0.91323	-0.37617	0.92624	-0.52769	0.40104	0.10426	0.95896	-0.14623	0.97726	-0.10093	1.00005	-0.2559	0.95365	0.19495	1.08769	-0.01232	0.89535	0.69285	1.04394	-0.14597	0.88794	0.11926	0.65627	0.21062	1.13299	-0.3577	1.24485	-0.15348	1
-2.8659	-1.28859	-0.10052	-1.15621	-0.25149	-1.1166	-0.22921	-1.00943	-0.3748	-0.84505	-0.31333	0.96305	1.83196	1.00462	2.02646	1.00005	-2.00576	-0.57386	0.04628	1.08769	1.91387	1.05591	-1.78706	1.04394	2.10658	0.88794	0.12643	1.0793	2.02354	1.13299	-1.93975	-0.66843	-0.03092	0
0.34794	0.72062	-0.74451	0.76738	-0.80152	0.80408	-0.90312	0.9627	-1.00652	0.80067	-1.30474	0.81548	-1.08029	0.63274	-1.44015	0.51055	-1.16066	0.37818	-1.06298	0.57048	-1.38575	0.30173	-1.54679	0.16597	-1.30216	-0.36149	-1.25631	-0.19956	-1.48528	-0.3263	-1.41685	-0.40069	-1.52557	1
0.34794	-1.28859	-0.10052	-1.15621	-0.25149	-1.1166	-0.22921	-2.68574	-2.44155	-0.84505	-0.31333	0.96305	-2.20948	-0.52718	-0.15519	-2.23609	-2.00576	-2.17062	-1.88022	1.08769	-1.94589	-1.59412	-1.78706	1.04394	2.10658	-2.98649	-0.23719	1.0793	-1.91367	-0.61684	1.95452	-0.66843	-0.03092	0
0.34794	0.72062	0.10542	0.67995	-0.44877	0.45191	-0.22921	0.9627	-0.3748	0.84893	-0.31333	0.96305	-0.09692	0.86536	-0.25434	1.00005	0.00728	1.0229	0.04628	0.86409	0.15944	0.67949	0.28119	0.88677	0.22938	0.72407	0.1791	1.00038	0.2339	0.89439	-0.16963	0.98395	0.06613	1
-2.8659	-1.28859	-0.10052	-3.0798	1.9186	0.91323	1.6911	-2.98156	-2.44155	-0.84505	-0.31333	-2.25142	-2.20948	-2.05898	-0.83695	-2.23609	-2.00576	1.0229	-1.88022	1.08769	-1.94589	-0.60036	0.10884	1.04394	-1.82659	-2.98649	-1.69167	-0.65715	0.05494	1.13299	-1.93975	-0.66843	-0.03092	0
0.34794	0.54333	-0.30041	0.71081	0.13147	0.55502	-0.05976	0.78868	-0.43558	0.87739	-0.66997	0.91579	0.1084	0.91452	-0.09102	1.00005	0.00728	1.0229	0.04628	0.70186	0.21104	0.86105	0.16459	0.7897	0.19783	0.74581	0.1737	0.97716	-0.17667	1.08153	0.12192	1.07602	0.09468	1
0.34794	-3.2978	2.16482	-3.0798	0.07932	-0.54106	1.6911	-2.98156	1.69196	-2.61968	-2.33428	0.96305	1.83196	-2.05898	-0.66735	-0.16009	-2.00576	1.0229	1.97278	-1.06705	-1.94589	-2.25662	-1.78706	1.04394	-1.82659	-2.98649	0.06137	1.0793	-1.91367	-2.36667	-0.62187	-0.38261	2.1043	0
0.34794	-0.33687	-0.33897	0.45539	-0.21338	0.5713	-0.17899	0.33992	-0.48357	0.36917	-0.31333	0.63929	-0.08716	0.67245	-0.02961	0.74457	0.96082	1.0229	0.14768	0.63756	0.13126	0.56402	0.26318	0.04307	0.55402	0.21803	0.28947	0.25678	-0.35951	0.43568	0.19303	0.43014	0.1766	1
0.34794	-1.30147	-1.23319	-1.15621	-0.25149	-1.15563	1.6911	-1.00943	-0.3748	-0.84505	-0.31333	-0.64418	-0.18876	-0.52718	-0.15519	-0.61802	0.00728	-0.07232	1.83695	-1.13025	1.41903	-1.17367	-1.42246	-0.68482	0.14	-2.2414	-0.80593	-0.65715	0.05494	-0.61684	0.00739	-0.66843	-0.03092	0
0.34794	0.72062	0.92919	0.76738	0.93219	0.54416	0.9928	0.9627	-0.56268	0.92958	-0.31333	0.67083	-1.10728	0.44759	0.43981	1.00005	-1.27374	1.0229	-0.47913	0.93862	-0.89324	1.05591	0.25577	1.04394	-0.03879	0.88794	0.28764	1.0793	0.7708	1.13299	1.24647	0.72304	0.55142	1
-2.8659	-3.2978	-2.36586	0.76738	-2.42158	-3.14642	1.6911	-1.00943	-0.3748	0.92958	-2.33428	0.96305	-2.20948	-0.52718	-0.15519	-0.61802	0.00728	-0.57386	0.04628	-2.19192	1.91387	1.05591	-1.78706	-2.41358	2.10658	0.88794	1.94452	-0.65715	0.05494	1.13299	0.98096	-0.66843	-0.03092	0
0.34794	-0.3753	0.10542	0.06789	-0.05421	-0.563	0.11994	0.24555	-0.3748	-0.19972	-0.49705	0.08639	-0.37247	0.21746	-0.18448	0.41165	-0.35873	0.15195	0.04628	0.04418	-0.19146	-0.14864	0.45355	-0.05618	-0.03879	-0.38206	0.09428	-0.18357	0.05494	0.01947	0.00739	-0.11387	-0.07004	1
0.34794	-3.2978	-1.4524	-1.15621	-0.25149	-3.14642	1.0097	-2.7271	1.69196	-0.84505	-0.31333	-0.64418	-0.18876	-0.52718	-0.15519	-0.61802	0.00728	-0.57386	0.04628	-2.19192	-1.94589	-0.60036	0.10884	-0.16898	0.59992	0.88794	1.0648	-0.65715	0.05494	-0.61684	0.00739	-0.66843	-0.03092	0
0.34794	0.72062	0.22311	0.76738	1.29858	0.91323	1.14245	0.9627	-0.67005	0.67606	-0.60204	0.96305	-0.13756	1.00462	-0.15519	0.07544	-0.2803	1.0229	0.11597	1.08769	-0.5674	1.05591	0.10884	-0.1909	-0.42188	0.88794	0.21535	1.0793	0.15695	1.13299	1.12004	1.24485	-0.03092	1
-2.8659	0.72062	2.16482	0.76738	-2.42158	0.91323	1.6911	0.9627	1.69196	0.92958	1.70762	0.96305	-2.20948	1.00462	2.02646	1.00005	-2.00576	1.0229	-1.88022	1.08769	1.91387	1.05591	2.00473	1.04394	-1.82659	0.88794	1.94452	1.0793	2.02354	1.13299	1.95452	1.24485	2.1043	0
0.34794	0.46007	0.96356	-0.11853	1.53148	-0.9059	1.60036	-1.75949	1.44221	-2.1572	0.86339	-2.12443	0.14932	-1.78964	-0.69933	-1.57888	-1.26782	-0.95728	-1.55042	-0.24345	-1.53481	0.25357	-0.97998	0.51276	-0.34856	0.28928	0.31704	0.25966	0.83769	-0.16234	1.10894	-0.79737	1.19794	1
-2.8659	0.72062	-2.36586	0.76738	1.9186	0.91323	-2.14952	0.9627	1.69196	0.92958	-2.33428	0.96305	-2.20948	1.00462	-2.33683	1.00005	2.02032	1.0229	1.97278	1.08769	1.91387	1.05591	-1.78706	1.04394	2.10658	0.88794	1.94452	1.0793	2.02354	1.13299	1.95452	1.24485	-2.16613	0
0.34794	0.57308	-0.00596	0.5609	0.09065	0.63104	0.15084	0.64075	0.38011	0.58564	0.49905	0.58087	0.63068	0.49278	0.89986	0.35446	1.04907	0.27868	1.05153	0.24212	1.03022	0.10432	1.16454	-0.10845	1.22701	-0.52665	1.11209	-0.2698	1.10712	-0.3664	0.9639	-0.44701	0.96347	1
-2.8659	0.72062	2.16482	0.76738	-2.42158	0.91323	-2.14952	0.9627	1.69196	-0.84505	-0.31333	0.96305	-2.20948	-0.52718	-0.15519	-0.61802	0.00728	-0.57386	0.04628	-2.19192	1.91387	1.05591	2.00473	-0.68482	0.14	0.88794	1.94452	-0.65715	0.05494	-2.36667	-1.93975	-0.66843	-0.03092	0
0.34794	0.59076	0.20859	0.6465	0.29882	0.62306	0.51547	0.54932	0.5992	0.43893	0.89807	0.4047	1.32678	0.25143	1.4502	0.05557	1.67291	-0.16606	1.70215	-0.32727	1.63626	-0.59217	1.79369	-0.81207	1.70894	-1.45599	1.54462	-1.23312	1.46158	-1.29109	1.26062	-1.57569	1.16128	1
-2.8659	0.72062	-2.36586	-3.0798	1.9186	-3.14642	1.6911	0.9627	1.69196	0.92958	1.70762	-2.25142	-2.20948	-2.05898	-2.33683	1.00005	2.02032	1.0229	-1.88022	-2.19192	-1.94589	-2.25662	-1.78706	1.04394	0.14	0.88794	-1.69167	1.0793	-1.91367	-2.36667	1.95452	-2.58171	2.1043	0
0.34794	0.33138	0.19554	0.24919	0.27634	0.19497	0.13638	-0.28126	0.56717	-0.05014	0.62518	-0.24237	0.96927	-0.14129	0.65453	-0.37183	1.05158	-0.73047	1.15402	-0.60889	0.81162	-0.74704	0.95107	-0.94315	0.92675	-1.43556	0.76232	-1.07099	0.63648	-1.08289	0.47267	-1.12467	0.63429	1
-2.8659	0.72062	-2.36586	0.76738	1.9186	0.91323	-2.14952	0.9627	1.69196	0.92958	-2.33428	0.96305	1.83196	1.00462	-2.33683	1.00005	-2.00576	1.0229	1.97278	1.08769	1.91387	1.05591	-1.78706	1.04394	-1.82659	0.88794	-1.69167	1.0793	2.02354	1.13299	-1.93975	1.24485	2.1043	0
0.34794	0.66973	0.19583	0.65427	0.18331	0.68554	0.39005	0.74594	0.30126	0.67315	0.60048	0.51782	0.86775	0.54425	1.12806	0.32933	1.35386	0.20646	1.4025	0.17342	1.29938	-0.01588	1.54255	-0.22096	1.63873	-0.72357	1.55438	-0.52697	1.63846	-0.66867	1.52035	-0.86529	1.55431	1
-2.8659	-1.28859	-0.10052	0.76738	1.9186	-1.1166	-0.22921	0.9627	1.69196	-0.84505	-0.31333	0.96305	-2.20948	-0.52718	-0.15519	-0.61802	0.00728	-0.57386	0.04628	-0.55212	-0.01601	-0.60036	0.10884	-0.68482	0.14	0.88794	-1.69167	-0.65715	0.05494	-2.36667	1.95452	-0.66843	-0.03092	0
0.34794	0.56607	0.2495	0.50575	0.39426	0.35669	0.47727	0.38266	0.79974	0.17446	0.95419	0.05127	1.32023	-0.04153	1.32172	-0.30852	1.55366	-0.49904	1.51372	-0.74994	1.4694	-0.90642	1.46112	-1.19119	1.4322	-1.80088	1.19098	-1.4698	1.04182	-1.54681	0.8005	-1.74428	0.71844	1
-2.8659	-1.28859	-0.10052	0.76738	1.9186	0.91323	1.6911	-1.00943	-0.3748	-0.84505	-0.31333	-2.25142	-2.20948	-0.52718	-0.15519	-2.23609	-2.00576	-0.57386	0.04628	-0.55212	-0.01601	1.05591	2.00473	-0.68482	0.14	0.88794	1.94452	-0.65715	0.05494	-2.36667	1.95452	-0.66843	-0.03092	0
0.34794	0.49567	0.76344	0.11194	1.25523	-0.52494	1.45859	-1.14208	1.48807	-1.54775	1.31234	-1.68204	0.95299	-1.79796	0.43181	-1.89532	-0.15789	-1.57631	-0.54981	-1.31687	-1.08912	-0.8728	-1.11094	-0.51952	-1.06071	-0.46025	-0.75339	0.09346	-0.53245	0.20609	-0.17683	0.13806	0.23718	1
-2.8659	0.72062	-2.36586	0.76738	1.9186	0.91323	1.6911	0.9627	1.69196	0.92958	1.70762	0.96305	-2.20948	1.00462	2.02646	1.00005	2.02032	1.0229	-1.88022	1.08769	-1.94589	1.05591	-1.78706	1.04394	-1.82659	0.88794	1.94452	1.0793	-1.91367	1.13299	1.95452	1.24485	2.1043	0
0.34794	0.18864	-0.96798	0.38557	-0.02845	0.48343	0.06395	0.08668	-0.26625	0.92958	0.11562	0.51218	0.39632	0.52666	0.56312	0.18571	0.35527	0.45339	-0.00853	0.38912	0.80473	0.27945	0.95956	0.94937	1.27175	-0.19353	1.00275	-0.44057	2.02354	-0.00317	0.97552	-0.0832	1.03308	1
-2.8659	-1.28859	-0.10052	-1.15621	-0.25149	-1.1166	-0.22921	-1.00943	-0.3748	-0.84505	-0.31333	-0.64418	-0.18876	-0.52718	-0.15519	-0.61802	0.00728	-0.57386	0.04628	-0.55212	-0.01601	-0.60036	0.10884	-0.68482	0.14	0.88794	1.94452	-0.65715	0.05494	-0.61684	0.00739	-0.66843	-0.03092	0
0.34794	0.61311	-0.08031	0.71519	-0.25713	0.89135	-0.22207	0.87989	-0.34177	0.82406	-0.24199	0.91826	-0.09341	0.98355	-0.11465	0.90745	0.15091	0.99977	0.03268	1.05112	0.0801	0.99559	0.24341	0.92766	0.29931	0.79579	0.20562	1.03542	0.07104	1.09528	0.14487	1.24485	-0.03647	1
-2.8659	0.72062	2.16482	-3.0798	-2.42158	-3.14642	-2.14952	-1.00943	-0.3748	-0.84505	-0.31333	-2.25142	-2.20948	-0.52718	-0.15519	-0.61802	0.00728	-0.57386	0.04628	-2.19192	1.91387	1.05591	2.00473	-0.68482	0.14	0.88794	-1.69167	-0.65715	0.05494	-2.36667	-1.93975	-2.58171	-2.16613	0
0.34794	-0.27462	-0.48336	0.21804	-0.21866	0.32586	-0.18585	0.3329	-0.3483	-0.23076	-0.20028	0.46561	-0.09999	0.51599	-0.04484	0.46646	0.12186	0.43854	-0.04353	0.50561	0.1163	0.44437	0.24877	0.7679	0.49526	0.1118	0.2774	0.00666	0.18802	0.37122	0.18353	0.37683	0.16864	1
0.34794	0.09232	2.16482	0.61297	-1.90265	0.54325	-0.14571	0.4911	-0.15361	0.69514	1.17704	0.48196	0.17955	0.63576	0.14396	0.89452	-0.49767	0.55563	0.4071	0.51184	0.45839	0.39673	1.57673	1.04394	-0.91893	0.67992	0.53033	0.57695	1.11495	1.13299	-0.11961	0.41299	0.47968	0
0.34794	0.24436	-0.27672	0.76738	-0.89449	0.91323	-1.8757	0.56827	-0.2485	-0.0366	-1.17785	0.96305	-0.44299	1.00462	-1.97727	0.17902	0.04456	0.73903	-0.06788	1.05842	-0.40079	1.05591	0.52663	0.51891	-0.38078	0.73583	-0.3199	0.71272	0.09504	0.91412	-0.52038	1.24485	-1.24878	1
0.34794	-0.51462	0.25206	-0.36282	-0.09105	-0.57952	0.23407	-0.54902	-0.10136	-0.49979	0.19781	-0.25018	0.5582	-0.3901	0.34565	-0.68098	0.7514	-0.4931	0.52604	-0.14375	0.17173	-0.47147	0.67686	-0.72794	0.70012	-1.16597	0.60379	-0.91391	0.34602	-0.78026	0.61349	-1.03322	0.5839	0
0.34794	-0.13249	-0.17244	0.29029	-0.36774	0.13191	-0.25206	0.05489	-0.30508	0.25001	-0.11283	0.30613	-0.23688	0.43322	-0.12922	0.52811	0.0592	0.38926	0.07686	0.23199	-0.06962	0.37894	0.18031	0.17956	0.21803	0.13806	0.10394	0.41434	-0.21067	0.5879	-0.01966	0.52737	-0.09871	1
0.34794	-1.15992	-0.44646	-1.24148	-0.12322	-0.94662	-0.27651	-1.03858	0.01208	-0.7314	-0.31333	-0.44625	-0.38784	-0.43664	-0.15519	-0.58614	-0.05222	-0.77837	-0.35231	-0.43902	0.01251	-0.48612	0.16488	-0.54856	0.45968	-0.50532	0.03687	-0.7598	-0.12932	-0.53927	0.1129	-0.52706	-0.26231	0
0.34794	-0.04575	0.14527	0.20365	-0.40199	0.31155	-0.19699	0.45533	-0.37017	0.41545	0.00542	0.50641	-0.19329	0.69449	-0.0112	0.7358	-0.32598	0.5228	-0.12826	0.47322	-0.04191	0.40934	0.33151	0.54697	-0.04699	0.30377	0.09601	0.44221	0.14963	0.76306	-0.09279	0.57928	-0.13123	1
0.34794	-0.77994	0.71385	-1.15621	-0.25149	-1.71783	-2.14952	-1.00943	-0.3748	-0.71027	-0.46171	-0.64418	-0.18876	-0.52718	-0.15519	-0.61802	0.00728	-0.57386	0.04628	-0.53967	1.29826	-0.93161	0.7472	-0.86426	0.84199	-0.94137	-1.69167	-0.65715	0.05494	-0.50609	-1.93975	-0.66843	-0.03092	0
0.34794	0.48158	-0.11993	0.57152	-0.30498	0.79357	-0.2642	0.74922	-0.63841	0.61384	-0.53426	0.7839	-0.16494	0.86341	-0.45448	0.79193	-0.1157	0.87571	8.56716E-4	0.89085	-0.29733	0.77188	-0.12688	0.87346	-0.24363	0.66022	-0.14452	0.80758	-0.19826	0.93043	-0.35365	1.08695	-0.39021	1
0.34794	-0.4305	-1.23319	-1.15621	-0.25149	-1.1166	-0.22921	-0.09322	0.68012	0.20124	-0.27123	-0.64418	-0.18876	-0.52718	-0.15519	-0.35172	-0.90698	0.3709	-0.3069	-0.55212	-0.01601	-0.60036	0.10884	1.02233	-0.66302	-2.98649	-1.69167	-1.14192	-1.43382	-0.61684	0.00739	-0.66843	-0.03092	0
0.34794	0.49665	-0.06357	0.61363	-0.22317	0.75981	-0.20311	0.7493	-0.58608	0.75395	-0.48365	0.85119	-0.20964	0.89883	-0.34974	0.77392	-0.09452	0.85446	-0.03124	0.89777	-0.25003	0.87218	-0.11695	0.7497	-0.13804	0.62551	-0.08825	0.82814	-0.20198	0.84469	-0.23507	0.99203	-0.29216	1
0.34794	-1.28859	-0.10052	0.76738	0.02821	0.67866	-0.26761	-1.00943	-0.3748	0.92958	-1.1711	0.96305	0.20641	1.00462	-0.27153	1.00005	-1.63447	-0.57386	0.04628	1.08769	-0.09321	1.05591	-0.24507	-0.68482	0.14	0.88794	-1.69167	-0.65715	0.05494	1.13299	0.23672	1.06628	-0.23496	0
0.34794	0.34174	-0.01638	0.48159	-0.25459	0.48696	-0.2155	0.55981	-0.46338	0.70901	-0.31333	0.73115	-0.32443	0.79674	-0.14895	0.72266	-0.10201	0.71952	-0.18214	0.70819	-0.17868	0.79564	0.01404	0.64632	0.00515	0.53145	-0.03118	0.77666	-0.15037	0.80803	-0.08997	0.90319	-0.35425	1
0.34794	-1.28859	-0.10052	-1.15621	-0.25149	-1.1166	-0.22921	-1.00943	-0.3748	-0.84505	-0.31333	-2.25142	1.83196	1.00462	1.04847	-0.61802	0.00728	-0.57386	0.04628	-0.55212	-0.01601	-0.60036	0.10884	-0.68482	0.14	0.88794	1.94452	-0.65715	0.05494	-0.61684	0.00739	-0.66843	-0.03092	0
0.34794	-0.2866	-0.05933	-0.32681	-0.46004	-0.08851	-0.30902	-0.0208	-0.17618	-0.05223	-0.1926	0.25336	-0.4302	0.26457	-0.23451	0.23514	-0.11298	0.30955	0.02627	0.24435	-0.08118	0.21272	0.08914	0.33897	0.14	-0.01839	0.06679	0.09155	0.12142	0.33761	-0.09883	0.45966	-0.21393	1
-2.8659	-1.28859	-0.10052	-1.15621	-0.25149	-1.1166	-0.22921	-1.00943	-0.3748	-0.84505	-0.31333	-0.64418	-0.18876	-0.52718	-0.15519	-0.61802	0.00728	-0.57386	0.04628	-0.55212	-0.01601	-0.60036	0.10884	-0.68482	0.14	0.88794	-1.69167	-0.65715	0.05494	-0.61684	0.00739	-0.66843	-0.03092	0
0.34794	0.72062	1.03215	0.76738	0.29103	-0.60914	1.6911	-0.67711	1.50967	-1.08172	1.3126	-1.19236	1.03969	-1.19842	0.6707	-1.32452	0.34364	-1.15949	0.05935	-0.98629	-0.19018	-0.86831	-0.13695	-0.81935	-0.11063	-1.08974	-0.05978	-0.63922	-0.08357	-0.57792	-0.07326	-0.6254	-0.07399	1
0.34794	-1.28859	-0.10052	-1.15621	-0.25149	0.91323	1.6911	-2.98156	-2.44155	-0.84505	-0.31333	0.96305	-0.41329	-0.52718	-0.15519	-0.61802	0.00728	-2.17062	1.97278	1.08769	1.91387	1.05591	-1.78706	-0.68482	0.14	0.88794	-1.69167	-0.65715	0.05494	-0.61684	0.00739	1.24485	2.1043	0
0.34794	0.46039	0.76092	0.07679	1.25047	-0.48031	1.43426	-1.087	1.50058	-1.59347	1.29021	-1.77826	0.85312	-1.76869	0.34081	-1.93086	-0.24513	-1.65126	-0.68775	-1.18072	-1.22915	-0.81589	-1.23274	-0.41596	-1.16623	-0.30259	-0.81113	0.25575	-0.53362	0.36725	-0.10823	0.31614	0.32449	1
0.34794	-1.28859	-0.10052	-1.15621	-0.25149	-1.1166	-0.22921	-2.98156	1.69196	-0.84505	-0.31333	0.96305	0.56563	-0.711	-0.41698	-0.61802	0.00728	-2.17062	-1.88022	-0.55212	-0.01601	1.05591	-1.78706	-0.68482	0.14	0.88794	0.53853	-0.65715	0.05494	-0.61684	0.00739	-0.66843	-0.03092	0
0.34794	0.48311	0.8847	-0.01027	1.43369	-0.71729	1.58619	-1.48477	1.53786	-1.95466	1.12674	-2.03353	0.49125	-1.94232	-0.27164	-1.86969	-0.89269	-1.32354	-1.36555	-0.71998	-1.6027	-0.16337	-1.36181	0.28301	-0.95952	0.34837	-0.31779	0.6014	0.2439	0.40046	0.76512	-0.00358	1.20016	1
0.34794	-0.62889	-0.04343	-0.86313	0.21026	-0.81377	1.19188	-1.51639	1.53331	-1.02805	0.07833	-1.63025	0.3323	-1.96788	-0.27319	-0.83026	-0.28117	-1.05792	-0.81322	-0.7392	-1.66793	-0.55617	-0.32316	-0.20177	0.0162	-0.39572	-0.08949	-0.1769	-0.16966	-0.353	0.26628	-0.43507	0.40612	1
0.34794	0.38763	0.78571	-0.1167	1.45375	-0.8664	1.48758	-1.66459	1.35255	-2.08882	0.89043	-2.0364	0.25396	-1.82066	-0.68236	-1.58423	-1.23867	-0.8829	-1.64493	-0.34814	-1.73484	0.24615	-1.26481	0.68337	-0.40542	0.55877	0.28493	0.49919	1.02111	0.04008	1.3706	-0.74464	1.66538	1
0.34794	-0.03615	-0.17958	-0.01966	-0.24105	0.1096	-0.37248	0.2365	-0.35489	0.2633	-0.46411	0.43312	-0.04287	0.43687	-0.33897	0.47432	0.19139	0.49833	0.04628	0.4148	0.17906	0.22877	0.16816	0.45521	0.41687	0.12202	0.16313	0.23511	0.14258	0.46338	-0.01136	0.50579	-0.2262	1
0.34794	0.20725	-0.15466	0.20515	-0.17968	0.34981	0.09555	0.55305	-0.21522	0.60011	0.57455	0.38103	-0.17763	0.5569	0.31803	1.00005	0.12939	0.40063	0.14544	0.55415	0.06559	0.26127	-0.36514	0.57679	-0.1709	0.14651	0.25595	-0.1209	0.22503	0.3616	0.1526	0.48516	0.43223	1
0.34794	-0.05216	0.32815	0.34721	-0.21286	0.45623	-0.17838	0.27397	-0.58784	0.53097	-0.15165	0.54455	-0.08651	0.58064	-0.02917	0.49222	-0.17234	0.41122	0.36046	0.53398	0.13014	0.45763	0.26128	0.3551	-0.00221	0.08987	0.28582	0.29923	0.56071	0.31738	0.18666	0.29986	0.16813	1
0.34794	0.08404	0.02124	0.47505	-0.24711	0.59538	-0.22343	0.65308	-0.17017	0.50035	-0.23043	0.67202	-0.17694	0.70956	-0.1405	0.6865	-0.24328	0.67058	-0.02184	0.70012	0.00153	0.6358	0.12738	0.69182	0.05655	0.32274	0.14635	0.42353	0.28326	0.54897	0.03056	0.56385	-0.00472	1
0.34794	-0.28399	-0.10052	-0.41186	-0.02504	-0.11934	-0.10397	-0.08338	-0.45567	-0.21236	-0.56815	0.08955	-0.09211	0.24538	-0.09827	-0.04115	0.40113	0.09956	0.33108	0.13946	-0.06636	-0.06747	-0.10548	0.13445	0.12289	-0.23973	0.25202	0.01479	0.13197	-6.01474E-4	0.29523	0.18839	0.34042	1
0.34794	0.31536	0.11281	0.34667	0.19676	0.33733	0.30978	0.35765	0.47778	0.32474	0.69961	0.28638	1.04012	0.22662	1.11987	-0.07833	1.37335	-0.10143	1.27054	-0.39471	1.29832	-0.56614	1.47835	-0.83605	1.38255	-1.28029	1.22994	-0.97364	1.15765	-1.06333	1.01408	-1.1915	0.87584	1
0.34794	0.72062	0.12153	0.76738	0.29322	0.88055	0.40534	0.57547	0.721	0.48552	0.90524	0.27093	1.26498	0.32007	1.46095	-0.14147	1.66186	-0.23635	1.58319	-0.39291	1.56962	-0.62908	1.62308	-0.94662	1.62666	-1.49172	1.38431	-1.20784	1.25476	-1.32186	1.06901	-1.4876	0.91998	1
0.34794	0.50784	0.2036	0.51733	0.43302	0.48485	0.60397	0.24066	0.86474	0.11331	1.12187	-0.00613	1.35024	-0.15548	1.57972	-0.47023	1.60962	-0.72011	1.51545	-0.88337	1.27558	-1.10159	1.29585	-1.38586	1.13291	-1.94456	0.86736	-1.53083	0.59142	-1.54115	0.38069	-1.60226	0.0966	1
0.34794	0.61274	0.29587	0.59322	0.46774	0.6107	0.73018	0.4436	0.94466	0.2058	1.1789	0.13851	1.50084	-0.06061	1.8228	-0.32743	1.88804	-0.58505	1.84003	-0.86171	1.70898	-1.14731	1.67279	-1.48928	1.64408	-2.18377	1.33246	-1.83671	1.08972	-1.93483	0.83469	-2.2222	0.5262	1
0.34794	0.5552	0.31173	0.49981	0.51983	0.3626	0.64927	0.18223	1.06914	0.04894	1.20081	-0.06397	1.46409	-0.28724	1.66775	-0.61161	1.72259	-0.83557	1.54612	-1.14238	1.45443	-1.31399	1.34846	-1.60348	1.19971	-2.21796	0.87134	-1.77736	0.59312	-1.76665	0.2735	-1.894	0.08426	1
0.34794	0.25101	0.37761	0.07364	0.57558	-0.13398	0.77895	-0.71361	0.08553	-0.60098	0.89045	-0.76837	0.71137	-0.52718	0.90588	-1.06284	0.85304	-1.47022	0.75558	-1.15214	0.34804	-1.27169	0.2527	-1.3501	0.07649	-1.70681	-0.10058	-1.13537	-0.33315	-0.96614	-0.47254	-0.89599	-0.61208	1
0.34794	-0.10436	-1.48072	0.48711	0.94853	0.53012	-0.08931	0.10725	-0.03947	-0.26331	0.17517	0.16476	0.05882	0.45174	0.27826	0.54463	0.86715	0.29326	0.3142	0.51756	0.52079	0.54038	0.24695	0.21192	0.66415	-0.09979	0.6298	0.14537	0.61745	0.14406	0.57837	0.11259	0.60841	1
0.34794	0.72062	0.15739	0.19067	-0.51503	0.53962	-0.04338	0.39388	-0.35126	0.15171	-0.47056	0.46594	0.06431	0.37097	-0.06825	0.24168	-0.06148	0.53509	0.37163	0.63963	0.12315	-0.06922	0.22035	0.23697	0.87513	-0.0983	0.45279	-0.39356	0.69371	0.15555	0.37534	0.4062	0.29321	1
0.34794	0.41608	0.05339	0.39347	-0.30138	0.447	-0.29256	0.30647	-0.51162	0.21231	-0.46825	0.43684	-0.30538	0.45715	-0.29564	0.01625	0.09847	0.5639	0.07314	0.36568	-0.17115	0.28459	-0.05142	0.12835	-0.30882	-0.10665	-0.03953	0.25645	-0.11312	0.15793	-0.17995	0.13941	-0.24034	1
0.34794	0.72062	0.081	0.70535	-0.26195	0.8459	-0.24307	0.72565	-0.45587	0.92958	-0.28465	0.90175	-0.21778	0.94253	-0.19164	0.97573	0.02745	0.88162	-0.12417	1.00596	-0.06163	0.96707	0.05971	1.0122	0.17939	0.76729	0.07127	1.0793	-0.06009	1.00655	-0.06006	1.09611	-0.10934	1
0.34794	-0.32542	-0.38076	-0.33322	-0.51995	0.30637	-0.98149	0.43409	-0.22566	-0.37852	-0.75084	0.15116	0.13413	0.16766	-0.41384	0.06591	0.13181	0.22452	-0.48004	0.34386	0.34212	0.09971	0.26519	0.53601	0.52521	-0.01488	-0.09987	-0.38863	-0.46259	0.21298	0.08769	0.19945	-1.13154	1
0.34794	-0.01254	-0.19992	0.31592	-0.18708	0.13037	0.46264	0.27951	-0.38434	0.29432	-0.14531	0.6327	-1.06612	0.58363	1.04395	0.34609	0.28623	0.44024	0.46896	0.48554	-0.50628	0.57478	0.40003	0.43308	0.59418	0.28305	0.4483	0.4136	0.20497	0.54358	0.39372	0.65275	0.75315	1
0.34794	-0.28174	-0.18198	0.01957	-0.22224	0.07848	-0.199	0.15168	-0.32371	0.33938	-0.3224	0.50797	-0.28412	0.49172	-0.13557	0.30918	0.05704	0.45955	-0.09659	0.38018	0.2572	0.35246	0.04066	0.11935	0.23722	0.04696	0.14141	0.17009	-0.01585	0.33869	0.21304	0.49243	-0.20366	1
0.34794	0.14842	-0.11517	0.12619	-0.34279	0.16436	-0.32864	0.52871	-0.20758	0.34953	-0.11711	0.3961	0.13168	0.39487	-0.19755	0.26171	-0.08393	0.17544	-0.14698	0.50925	0.27129	0.04822	0.51992	0.22151	0.03179	-0.17549	0.12715	-0.11205	-0.07885	0.24392	-0.20057	-0.08639	-0.14148	1
0.34794	0.08065	0.1344	0.32567	-0.17647	0.20654	-0.07274	0.19333	-0.38501	0.55712	-0.07381	0.31619	-0.08898	0.42972	0.05491	0.64848	-0.34562	0.60498	-0.16301	0.24552	0.00306	0.40977	0.26331	0.46769	-0.11251	0.18615	0.08186	0.67198	0.09868	0.45467	-0.13203	0.31419	-0.13108	1
0.34794	-0.06944	-0.16195	0.13489	-0.16321	-0.0432	-0.31384	-0.01335	-0.29773	0.40621	-0.4709	0.28747	-0.22986	0.28804	0.01492	0.41864	0.24611	0.33548	5.67741E-4	0.32059	-0.00293	0.58429	0.04456	0.22936	0.07333	0.06001	0.14006	0.36117	0.04826	0.41526	-0.04542	0.29144	0.11385	1
0.34794	-0.29373	0.11942	-0.58659	-0.12508	-0.40715	-0.22921	0.12024	-0.42496	0.18871	-0.26428	-0.10584	-0.09068	0.27589	-0.1446	0.14388	-0.20771	0.11601	0.05563	0.02101	0.09641	-0.28679	0.59661	-0.14773	-0.15596	-0.34128	0.19579	0.02562	0.39897	-0.15814	0.00739	0.04673	-0.07238	1
0.34794	0.69695	-0.05097	0.63469	0.48851	0.58651	0.44716	0.46387	0.63597	0.4608	0.73512	0.24102	1.02729	0.13348	1.28987	-0.10347	1.42532	-0.12071	1.37312	-0.42888	1.40624	-0.49538	1.4603	-0.96987	1.51098	-1.37	1.22656	-0.93862	1.15352	-1.22433	0.86792	-1.30905	0.76904	1
0.34794	0.67853	0.25763	0.57718	0.51319	0.54865	0.70331	0.40577	0.96628	0.19891	1.17698	0.00432	1.49159	-0.14209	1.69493	-0.54197	1.72792	-0.76855	1.58265	-0.98142	1.54245	-1.227	1.46773	-1.56707	1.28699	-2.16486	0.96348	-1.732	0.66119	-1.76742	0.36459	-1.89549	0.03246	1
0.34794	0.71461	0.39054	0.61284	0.7691	0.44438	0.96935	0.04195	1.23975	-0.19245	1.47099	-0.48174	1.49474	-0.63176	1.79245	-1.07543	1.45814	-1.27176	1.2347	-1.46662	0.91265	-1.67693	0.78252	-1.8026	0.45284	-2.34045	0.16782	-1.78363	-0.21008	-1.57251	-0.43946	-1.57152	-0.77893	1
0.34794	0.60672	0.35162	0.69298	0.63397	0.5177	0.85709	0.10851	1.08908	-0.10261	1.36871	-0.40408	1.61956	-0.44803	1.88862	-1.01836	1.697	-1.25745	1.50183	-1.37613	1.19138	-1.68546	1.0649	-1.87509	0.74791	-2.54281	0.41039	-1.96655	-0.03166	-1.9327	-0.34156	-1.94902	-0.76473	1
0.34794	0.5995	0.53564	0.39201	0.89477	0.06409	1.17552	-0.31995	1.28917	-0.65344	1.51367	-0.96587	1.61645	-1.13577	1.63732	-1.57001	1.27282	-1.79227	0.82397	-1.88465	0.34851	-1.94718	0.02762	-1.98611	-0.38868	-2.27431	-0.71786	-1.46325	-1.15469	-1.0786	-1.37187	-0.83942	-1.55275	1
0.34794	0.51638	0.69591	0.139	1.09902	-0.22554	1.58266	-1.08128	1.28915	-1.25034	1.20913	-1.04819	0.79767	-1.40608	0.46473	-1.69808	0.22048	-1.33007	-0.07302	-1.88128	-0.13202	-1.15019	-0.79346	-0.90778	-0.91449	-0.91061	-0.81762	-0.23483	-0.80097	0.02335	-0.57786	0.15055	0.253	1
0.34794	-0.70445	0.12658	-0.70786	0.12378	-1.04029	0.43015	-0.77218	0.16909	-0.73385	0.11719	-0.72012	0.06922	-0.62419	0.01732	-0.72041	0.08975	-0.66058	0.07341	-0.62043	-0.02141	-0.64799	0.08654	-0.71516	0.1104	-1.06644	0.09961	-0.66202	0.03033	-0.61516	-0.01107	-0.66288	-0.04473	1
0.34794	-0.11403	-0.9053	0.76738	0.51538	0.4134	-0.24004	0.61795	0.02535	0.0456	-0.87176	0.41622	-0.05962	0.54105	0.16469	0.55294	-0.85166	0.64172	0.13319	0.54519	0.3794	0.80373	-0.66804	0.43628	0.04759	0.05176	-0.06576	0.26004	-0.20779	-0.34383	-0.23051	0.18809	-0.25104	1
0.34794	0.39129	0.19885	0.23207	-0.12	0.21962	-0.06954	-0.53833	-0.10692	-0.0671	0.09753	0.15008	0.06759	0.15825	0.13949	-0.14308	0.0661	0.19511	0.34982	-0.01368	0.26606	-0.11184	0.38636	-0.22781	0.42574	-0.5913	0.38667	-0.19823	0.37261	-0.28845	0.27282	-0.34977	0.25089	1
0.34794	0.60167	0.16981	0.49304	-0.22896	0.61127	-0.19952	0.50844	-0.38054	0.65379	-0.09272	0.69447	-0.1276	0.73931	-0.0787	0.59291	0.04639	0.70385	0.09262	0.77386	0.07857	0.72895	0.2103	0.65213	0.18365	0.48225	0.23978	0.83514	0.23705	0.74563	0.14544	0.80994	0.12939	1
0.34794	0.46165	-0.00252	0.38162	0.14557	0.89311	0.33329	0.75474	-0.5471	0.72724	-0.35431	0.8095	-0.72878	0.8424	0.28036	0.8163	-0.08616	0.77464	0.02719	1.05296	-0.67263	0.70733	-0.36705	0.81334	-0.04079	0.61609	0.07356	0.71072	-0.02579	0.7119	0.4321	1.01981	0.16537	1
0.34794	0.21663	-0.04277	0.74803	-0.03899	0.42313	0.01807	0.45612	-0.56469	0.85579	-0.26317	0.92964	-0.19824	0.94503	0.06723	0.86222	0.08289	0.56026	0.09797	0.77975	-0.17133	1.05591	0.10884	0.5558	0.11626	0.54449	0.17282	0.60065	0.03381	0.96517	0.22286	0.72514	0.0278	1
0.34794	-0.33749	0.34184	-1.0367	-0.64955	0.14831	-0.20989	-0.11089	-0.46652	0.15778	-0.27746	0.07385	0.36724	0.56955	-0.23909	0.28197	0.25742	0.08752	0.26856	0.31316	0.03884	0.24737	-0.0931	0.14376	0.09345	-0.1482	0.18568	0.27272	0.55	-0.05772	-0.27489	-0.00615	-0.03724	1
0.34794	-0.08533	0.23224	0.18777	-0.55391	0.61123	-0.49682	0.58758	-0.3242	0.05063	-0.25624	0.43942	-0.2801	0.71037	-0.45512	0.21386	-0.48555	0.7282	-0.22946	0.59977	-0.02329	-0.04827	0.22666	0.28537	-0.51183	0.14103	-0.17969	0.2585	0.01415	0.32564	-0.60133	0.6215	-0.50139	1
0.34794	0.41347	-0.17747	0.506	-0.4358	0.54691	-0.22921	0.4435	-0.53276	0.43224	-0.58793	0.56039	-0.42472	0.65988	-0.5628	0.64621	-0.42011	0.41607	-0.15005	0.7465	-0.31921	0.88008	0.04443	0.78334	-0.37358	0.38649	-0.29741	0.49311	-0.38392	0.65373	-0.72848	0.59083	-0.56133	1
0.34794	0.47493	-0.28519	0.44853	-0.09227	0.60435	-0.15094	0.51254	-0.41973	0.52451	-0.42866	0.67917	-0.40292	0.51344	-0.16703	0.80658	-0.41393	0.75822	0.10911	0.86489	-0.13138	1.01091	-0.42181	0.78556	-0.22874	0.57227	-0.05922	0.83394	-0.00926	0.75736	-0.20427	0.84451	-0.04251	1
0.34794	0.21237	-0.40047	-0.12218	0.11734	0.35963	-0.04705	0.36248	-0.60352	0.34037	-0.78861	0.7693	-0.57614	0.60198	-0.06465	0.40206	-6.70725E-4	0.44226	-0.18216	0.74741	-0.50419	0.49945	-0.43445	0.4768	-0.06599	0.14883	-0.09249	0.38609	-0.35746	0.0402	0.14207	0.49995	-0.06045	1
0.34794	-0.34858	0.15565	-0.02167	-0.23706	0.00858	-0.09721	-0.0649	-0.6635	0.09538	-0.28645	0.38217	-0.51584	0.51213	-0.22775	0.26456	-0.26498	0.27231	-0.04341	0.23325	-0.39257	0.24063	-0.14758	0.03197	-0.2568	-0.00453	-0.08184	0.38241	-0.0018	0.3221	-0.22144	0.40911	-0.12561	1
0.34794	0.48184	0.52188	0.23118	0.67907	0.13294	0.9933	-0.24375	1.49566	-0.67059	1.62937	-0.96719	1.61372	-1.0746	1.53559	-1.67161	1.25959	-1.8316	0.92352	-1.89439	0.3525	-1.99068	-0.04433	-2.03902	-0.37832	-2.358	-0.70101	-1.60755	-1.14312	-1.15075	-1.29135	-1.03792	-1.64508	1
0.34794	0.58293	0.56282	0.38107	0.95847	0.10032	1.14565	-0.49267	1.54007	-0.76278	1.6419	-1.01766	1.73355	-1.38386	1.61234	-1.80453	1.26311	-2.02684	0.74368	-2.0649	0.10055	-2.15092	-0.26727	-2.12301	-0.78245	-2.31166	-1.13817	-1.37297	-1.63265	-0.85464	-1.82201	-0.47697	-2.05559	1
0.34794	0.48436	0.59345	0.25248	1.00317	-0.42424	0.89469	-0.89669	1.69196	-1.00899	1.54833	-1.64715	1.26608	-1.59587	0.55511	-1.93548	0.83655	-2.17062	0.03135	-1.84712	-0.8089	-1.87404	-0.75338	-1.67439	-1.18952	-1.66163	-1.36216	-0.70888	-1.65462	-0.17252	-1.59174	-0.66472	-1.77509	1
0.34794	0.38868	0.55627	0.17599	0.78369	-0.11723	1.08392	-0.57574	1.41834	-0.98872	1.4047	-1.21568	1.38095	-1.33498	1.11944	-1.75633	0.63718	-1.78454	0.12217	-1.72007	-0.31161	-1.56621	-0.63375	-1.3279	-0.90139	-1.37763	-0.98012	-0.51086	-1.15552	-0.17651	-0.93635	0.10819	-0.78548	1
0.34794	0.57736	0.65076	0.30895	1.10154	-0.11579	1.38896	-0.58361	1.59261	-1.09272	1.63016	-1.40283	1.50036	-1.61088	1.27357	-2.03341	0.74707	-2.03991	0.15407	-2.02505	-0.52112	-1.82548	-0.91625	-1.56228	-1.32974	-1.48172	-1.43936	-0.52154	-1.66088	0.01347	-1.51249	0.46819	-1.31781	1
0.34794	0.38643	0.61207	0.10453	1.00002	-0.40693	1.12801	-0.66839	1.25684	-1.1818	1.30113	-1.31487	1.15585	-1.57525	0.88642	-1.82712	0.39966	-1.7264	-0.04786	-1.56929	-0.56014	-1.41466	-0.90477	-1.14427	-1.15823	-1.07891	-1.1409	-0.26284	-1.21339	0.13734	-0.98966	0.56873	-0.67308	1
0.34794	0.68958	-0.1625	0.73003	-0.34055	0.91323	-0.37582	0.93746	-0.3447	0.84579	-0.36595	0.93895	-0.33947	0.99515	-0.31115	0.95792	-0.1846	0.97922	-0.18921	1.07611	-0.11737	0.9777	-0.06016	0.99816	-0.02404	0.8231	-0.10833	0.96589	-0.2387	1.08281	-0.29938	1.1832	-0.43234	1
0.34794	0.60111	-0.1352	0.65524	-0.22977	0.81161	-0.25748	0.88141	-0.3967	0.83448	-0.38831	0.91762	-0.22447	0.9595	-0.23999	0.92667	-0.07453	0.94674	-0.04447	0.99306	-0.05806	0.93691	0.02509	0.90648	0.05197	0.74643	0.02049	0.9116	-0.09229	0.99285	-0.13366	1.09272	-0.18935	1
0.34794	0.66099	-0.42636	0.60049	-0.25644	0.84371	-0.55802	0.93568	0.0027	0.78373	-0.30872	0.8603	-0.35945	0.87172	-0.16016	0.78578	-0.16737	0.97551	-0.36277	1.08769	0.18227	0.92356	0.00928	0.91369	0.27469	0.77254	-0.04178	1.02776	-0.34057	0.87731	-0.16155	1.17932	-0.49891	1
0.34794	-0.23291	-0.17731	0.66957	-0.06757	-0.05009	-0.55468	-0.40777	-0.40983	0.0573	-0.58735	0.39099	0.39349	0.74499	-0.9317	0.25957	0.0414	0.31924	0.11159	0.42065	0.57276	0.83134	0.20524	0.0184	0.43998	0.25422	0.12159	0.49068	-0.0118	0.83641	-0.28963	0.79085	-0.24805	1
0.34794	-0.61886	-0.66685	-0.30129	0.23075	-0.32722	0.09085	-0.1877	-0.08774	0.04227	-0.53788	0.23837	-0.35937	0.36636	0.57202	0.28091	0.0632	-0.17467	-0.32831	0.22223	-0.12323	0.27379	0.05617	-0.01252	0.30387	-0.2445	-0.13276	-0.31952	-0.21848	0.02927	-0.28096	-0.509	-1.09852	1
0.34794	-0.25973	2.16482	0.76738	0.91624	0.32819	1.32303	-0.10971	0.58474	-0.25798	1.70762	-0.30266	1.83196	-0.79396	2.02646	-1.15329	1.99459	-1.55399	1.97278	-1.41587	1.3677	-2.06615	1.01685	-2.41358	0.83174	-2.98649	0.3004	-2.39361	-0.27407	-2.36667	-0.81481	-2.42679	-1.4307	1
0.34794	0.22965	1.02395	0.45095	0.92689	-0.0019	1.15462	-0.31475	1.0883	-0.60602	1.6015	-0.80198	1.70623	-1.1032	1.63863	-1.47142	1.43978	-1.66538	1.35609	-1.70265	0.46561	-1.91124	0.16562	-2.39608	-0.43226	-2.41215	-0.46976	-1.75654	-0.32274	-1.21408	-1.16974	-1.0436	-1.37516	1
0.34794	0.39491	0.8714	0.23095	1.01552	-0.19049	1.27084	-0.68462	1.33507	-1.07597	1.44382	-1.38636	1.39744	-1.43761	0.9808	-1.88772	0.54132	-1.91537	0.12196	-1.56947	-0.62105	-1.38563	-0.81835	-1.32961	-1.19327	-1.14718	-1.01336	-0.40207	-0.84887	0.03223	-0.75525	0.25605	-0.55005	1
0.34794	0.5932	0.69478	0.29137	1.17296	-0.19158	1.47172	-0.70724	1.60466	-1.23148	1.63286	-1.55283	1.49646	-1.73349	1.11115	-2.12451	0.53107	-2.06909	-0.07736	-1.97921	-0.80628	-1.67824	-1.17021	-1.32098	-1.53064	-1.13796	-1.53206	-0.18258	-1.63338	0.34254	-1.34807	0.76324	-0.97411	1
0.34794	0.56864	0.73594	0.22831	1.23329	-0.5218	1.57738	-1.2285	1.20683	-1.40592	1.5551	-1.71486	1.40288	-1.93866	0.76795	-2.1441	0.20023	-2.17062	0.10776	-1.64145	-1.2951	-1.3624	-1.37326	-0.91796	-1.59222	-0.66638	-1.42145	0.19204	-1.32795	0.60605	-0.88923	0.78692	-0.31264	1
0.34794	0.72062	0.26635	0.76738	-0.3721	0.91323	-0.20284	0.9627	-0.63008	0.92958	-0.34387	0.96305	-0.22374	1.00462	-0.29424	1.00005	-0.13679	1.0229	0.15995	1.08769	-0.21108	1.05591	0.05793	1.04394	-0.31189	0.88794	0.00238	1.0793	0.21831	1.13299	-0.26899	1.24485	-0.18976	1
0.34794	0.63139	-0.10403	0.50618	-0.5389	0.81137	-0.23806	0.62367	-1.43237	0.79544	-0.1038	0.96305	-0.47666	0.99334	-0.21064	0.93295	-0.3051	0.76763	1.23569	1.08769	-0.33099	0.84874	-0.05222	0.79743	0.10727	0.58054	0.09426	0.77416	0.01818	0.79412	-0.03072	0.83849	-0.07446	1
0.34794	0.30628	0.56758	0.07612	0.88373	-0.27789	1.07963	-0.72984	1.35193	-1.14374	1.27861	-1.33386	1.27278	-1.40283	0.74956	-1.83863	0.34457	-1.69123	-0.14359	-1.4982	-0.46959	-1.27341	-0.61704	-0.98626	-0.89325	-1.01977	-0.75911	-0.32671	-0.69429	-0.07425	-0.44433	-0.00697	-0.2025	1
0.34794	0.48122	0.69761	0.15932	1.16185	-0.40989	1.30289	-0.89442	1.50268	-1.37361	1.43459	-1.65087	1.21746	-1.70829	0.7024	-2.00637	0.17654	-1.87747	-0.4164	-1.61109	-0.98138	-1.25899	-1.18676	-0.87752	-1.34543	-0.71915	-1.17359	0.04915	-1.07994	0.37402	-0.70848	0.53244	-0.31501	1
0.34794	0.51144	0.78944	0.11584	1.30672	-0.51737	1.51489	-1.10384	1.57653	-1.6565	1.39649	-1.89236	0.99358	-1.94898	0.39313	-2.11121	-0.30102	-1.78842	-0.88622	-1.38728	-1.48652	-0.84706	-1.57075	-0.31174	-1.54543	-0.01811	-1.12066	0.64251	-0.74542	0.83801	-0.12948	0.80215	0.56536	1
0.34794	0.72062	-0.64535	0.76738	-0.691	0.65629	-0.42368	0.73803	-0.34863	0.92958	-0.0831	0.84098	-0.06087	0.77194	-0.23802	0.40607	-0.73168	0.82078	0.02189	0.98391	0.10613	1.05591	0.5888	0.38744	-0.60682	0.59033	0.0257	1.0793	-0.06965	0.31346	0.05669	0.93	-0.08498	1
0.34794	0.2141	-0.08149	0.44637	-0.21549	0.56081	-0.1818	0.69755	-0.34005	0.22867	-0.19446	0.62703	-0.09316	0.65906	-0.03722	0.42897	0.39636	0.76796	0.12724	0.61682	0.12144	0.54073	0.25249	0.46285	0.30525	0.18527	0.27726	0.40808	0.08803	0.40133	0.1779	0.39019	0.15892	1
0.34794	0.4195	-0.05954	0.61755	-0.21989	0.75178	-0.18735	0.82002	-0.20925	0.70948	-0.08355	0.82099	-0.10147	0.86274	-0.04571	0.79519	0.06449	0.95689	0.04628	0.9089	0.11999	0.86428	0.25476	0.76251	0.35343	0.63461	0.28915	0.86393	0.2279	0.87398	0.20471	0.94366	0.19751	1
0.34794	0.72062	-0.12723	0.76738	-0.25893	0.91323	-0.25926	0.9627	-0.40714	0.92958	-0.3701	0.96305	-0.23296	1.00198	-0.22253	0.99241	-0.0579	1.01195	-0.02022	1.08769	-0.09091	1.05591	0.0133	1.04394	0.04302	0.88488	0.02594	1.06888	-0.06916	1.11649	-0.11912	1.22516	-0.17329	1
0.34794	0.50975	-0.17228	0.52741	-0.13116	0.7002	-0.20259	0.82211	-0.31751	0.77496	-0.33334	0.86757	-0.22077	0.88025	-0.08175	0.89751	0.00728	0.9312	0.07298	0.93183	-7.25438E-4	0.86897	0.07505	0.85908	0.18672	0.67489	0.15572	0.87299	0.05884	0.91124	0.08835	0.99101	0.01981	1
0.34794	0.52112	-0.06035	0.76738	-0.28997	0.71169	-0.21559	0.66199	-0.25753	0.92958	-0.24167	0.92885	-0.16726	0.9666	-0.07782	1.00005	-0.05696	0.85869	-0.01519	0.86091	0.13454	1.05591	0.28364	0.87229	0.23066	0.77762	0.18546	0.98694	0.1038	1.13299	0.0281	1.12272	0.01452	1
0.34794	-0.49708	-0.64968	0.04902	-0.22393	-0.19394	-0.05463	0.24555	-0.18691	-0.46861	-0.74201	0.2812	0.11742	0.07625	-0.15519	0.29062	0.0991	0.24871	0.10466	0.73985	0.33488	-0.09846	-0.17843	0.15408	0.25659	-0.15114	0.23809	-0.07834	-0.00471	0.11557	0.1322	0.08529	0.4867	1
0.34794	0.45317	0.71387	0.22905	1.19524	-0.36148	1.36559	-0.83892	1.4004	-1.27306	1.42713	-1.47614	1.17678	-1.57974	0.75072	-1.86424	0.20653	-1.68197	-0.21672	-1.36362	-0.83056	-1.13926	-0.9847	-0.73399	-1.03905	-0.75172	-0.83947	-0.09612	-0.67518	0.19139	-0.37583	0.11517	0.00794	1
0.34794	0.51092	0.75843	0.13858	1.25538	-0.38756	1.47403	-1.09212	1.55441	-1.53494	1.39263	-1.72543	1.06566	-1.79367	0.50707	-2.01199	-0.10072	-1.7485	-0.61402	-1.40117	-1.22109	-0.98839	-1.29138	-0.56535	-1.31245	-0.39971	-1.00618	0.25299	-0.77357	0.45435	-0.33031	0.48093	0.15399	1
0.34794	0.53069	0.83083	0.10093	1.37089	-0.50925	1.61246	-1.27255	1.6469	-1.77205	1.36937	-1.92446	0.92437	-2.00737	0.17625	-2.12284	-0.50713	-1.72134	-1.09765	-1.23339	-1.66037	-0.63762	-1.66928	-0.05697	-1.53884	0.25908	-1.00005	0.8358	-0.49869	0.93446	0.19821	0.776	0.95771	1
0.34794	0.72062	2.16482	-0.45025	-0.11786	-0.85286	1.55117	-1.55346	1.5596	-1.40454	0.44827	-2.04556	0.55781	-1.94956	-0.34863	-1.24771	-0.6819	-1.31719	-1.54331	-0.64098	-1.8223	-0.17609	-0.27874	0.59086	-0.76365	0.60648	0.00223	1.0793	2.02354	0.05982	0.01218	-0.32867	1.67277	1
0.34794	0.72062	1.06647	-0.28184	0.47187	-0.99357	0.46909	-1.64257	1.13521	-1.65171	0.66653	-1.56956	-0.18876	-1.40913	-0.41962	-1.15737	-0.96874	-0.71902	-1.58831	0.24294	-1.12716	0.35326	-0.69548	1.04394	-0.63472	0.36414	0.35062	1.02669	1.18838	-0.19265	0.71544	-0.49449	0.68081	1
0.34794	0.48172	-0.10052	0.66768	-0.31104	0.78328	-0.25264	0.7703	-0.337	0.75645	-0.27637	0.86504	-0.17027	0.93924	-0.14853	1.00005	0.06252	0.9304	0.02278	0.93771	0.03106	0.91452	0.21288	1.03866	0.23593	0.68775	0.1669	0.92049	0.07295	1.13299	0.11425	1.19818	-0.05697	1
0.34794	0.3715	0.08424	0.36493	-0.42848	0.71889	-0.26326	0.82284	-0.35281	0.57718	-0.13417	0.87757	-0.20309	0.9177	-0.15519	0.89102	0.41418	0.94362	0.03262	0.94813	-0.00233	0.73287	0.24329	0.89068	0.4538	0.68506	0.27487	0.69138	0.18758	1.00268	0.35953	1.10237	-0.03092	1
0.34794	0.20763	0.14047	0.55013	-0.23018	0.68065	-0.20096	0.71094	-0.4041	0.45132	-0.09834	0.76467	-0.12992	0.80908	-0.0814	0.9312	0.16432	0.94362	0.12826	0.85151	0.07552	0.80633	0.207	0.82324	0.36316	0.56692	0.23577	0.63595	-0.01487	0.81295	0.13979	0.877	0.12224	1
0.34794	0.47104	-0.01609	0.57408	-0.24405	0.69421	-0.21942	0.69321	-0.3748	0.8414	-0.16271	0.75445	-0.16868	0.79481	-0.13007	0.73875	-0.11775	0.79479	0.09414	0.82831	0.01493	0.78239	0.14199	0.68959	0.05449	0.54139	0.16339	0.76653	0.22613	0.79627	0.05233	0.86388	0.0212	1
0.34794	0.67065	-0.08443	0.74005	-0.20909	0.91323	-0.19169	0.9487	-0.34175	0.85393	-0.26666	0.91738	-0.11699	1.00462	-0.07381	0.96557	0.05018	1.00021	0.15579	1.04109	0.07655	0.96472	0.21322	1.01629	0.20985	0.84029	0.24418	0.98986	0.21579	1.11745	0.12844	1.22445	0.18147	1
0.34794	0.72062	-0.07549	0.76738	-0.22751	0.91323	-0.18466	0.95181	-0.40447	0.91979	-0.31779	0.93642	-0.14188	1.00462	-0.1359	0.96071	0.02284	0.98939	0.07821	1.05507	-0.00321	1.02481	0.14863	0.99427	0.12696	0.84984	0.15552	1.04285	0.08539	1.10786	0.04826	1.21948	0.02806	1
0.34794	0.72062	-0.13092	0.76738	-0.21751	0.91323	-0.23351	0.9627	-0.24533	0.88989	-0.22291	0.89833	-0.13	1.00462	-0.01364	0.98194	0.07484	1.0229	0.11523	1.08402	0.16532	0.9855	0.24881	1.04394	0.33797	0.88773	0.28575	1.06376	0.22229	1.13299	0.20341	1.24485	0.18403	1
0.34794	0.48795	0.73141	0.13496	1.21076	-0.31252	1.42992	-0.96163	1.55105	-1.4688	1.37847	-1.6136	1.00027	-1.73206	0.69081	-1.96563	-0.00564	-1.6807	-0.58875	-1.41308	-1.05668	-1.05379	-1.18276	-0.67089	-1.23217	-0.54506	-0.97676	0.11677	-0.7991	0.33173	-0.41207	0.40848	0.02936	1
0.34794	0.52265	0.84608	0.07741	1.39181	-0.49872	1.59793	-1.41271	1.62032	-1.82967	1.3275	-1.95982	0.84077	-2.01281	0.07051	-2.09784	-0.62505	-1.6942	-1.21482	-1.08266	-1.73359	-0.50322	-1.67656	0.08418	-1.47564	0.3863	-0.87773	0.8955	-0.31368	0.92114	0.4038	0.68148	1.14029	1
0.34794	-0.62979	0.14962	-0.84901	0.38452	-0.83201	1.20113	-1.50505	1.52647	-1.13792	0.22554	-1.66822	0.31369	-2.02298	-0.16254	-0.99385	-0.39349	-1.06122	-0.89551	-0.78867	-1.75273	-0.44558	-0.43938	-0.19546	-0.225	-0.28216	-0.08262	-0.11877	0.16546	-0.24162	0.40733	-0.41251	0.53325	1
0.34794	0.03437	0.88756	-0.29673	1.37183	-1.00863	1.40509	-1.64105	1.32281	-2.05629	0.74581	-1.99765	-0.04507	-1.79568	-0.78182	-1.37903	-1.43657	-0.64985	-1.61054	-0.17017	-1.48882	0.33813	-0.87946	0.59965	-0.22668	0.39895	0.55755	0.12746	1.21781	-0.25727	1.50209	-1.02302	1.55674	1
0.34794	-0.89748	0.02917	-1.07546	0.29518	-1.33088	0.70917	-1.37075	-0.75345	-1.59013	-0.18991	-1.37419	-0.00366	-0.77858	-0.82133	-0.78476	-0.79179	-0.27523	-0.29195	0.00562	-0.24669	-0.12623	-0.1951	-0.31063	0.62559	-0.97347	0.69171	-0.72343	0.57339	-0.91071	0.33439	-1.24534	-0.74809	1
0.34794	0.68048	-0.09882	0.76738	-0.25149	0.89256	-0.23065	0.85859	-0.32532	0.88877	-0.27028	0.92911	-0.12667	0.9919	-0.10418	0.90182	0.12229	0.91994	0.14798	1.0506	0.0906	1.05591	0.22716	0.94289	0.29943	0.82419	0.25833	1.00465	0.21416	1.10132	0.16561	1.19218	0.15305	1
0.34794	0.36407	-0.27205	0.39155	-0.24648	0.65978	-0.25252	0.70279	-0.53009	0.44745	-0.55047	0.71593	-0.08714	0.74606	-0.3166	0.59226	0.14225	0.67679	0.16877	0.87063	-0.06175	0.70551	-0.00515	0.60226	0.09339	0.4369	0.07677	0.62862	-0.09527	0.60906	-0.07478	0.83233	-0.005	1
0.34794	-0.57841	-0.41241	0.17851	-0.30407	0.26764	-0.29784	0.08938	-0.50126	0.25231	-0.52486	0.3539	-0.32066	0.38211	-0.3142	0.06595	-0.52434	0.35566	0.14245	0.26346	-0.18528	0.16552	-0.06159	0.09326	0.1289	-0.29093	-0.03789	-0.03918	-0.14795	-0.05283	-0.16079	-0.11467	-0.20814	1
0.34794	0.23933	-0.07578	0.50452	-0.24589	0.62542	-0.22183	0.56804	-0.32718	0.60135	-0.06944	0.69137	-0.17373	0.72606	-0.13655	0.72137	-0.13311	0.64816	0.12105	0.71019	0.00614	0.64302	0.13219	0.64871	0.13404	0.32394	0.15143	0.4917	0.07165	0.54326	0.03628	0.55391	0.00164	1
0.34794	0.05089	-0.13146	0.71745	-0.10325	-0.11001	0.73358	0.48314	-0.38044	0.31137	-0.5977	0.00135	-1.17704	0.07341	1.12638	0.62427	0.64805	0.68043	0.26473	0.22746	-0.8834	1.05591	0.12178	0.36377	0.27701	0.28074	0.4371	0.86343	0.20823	0.35131	0.48619	-0.40183	0.99584	1
0.34794	0.38926	0.08746	0.26223	-0.57062	0.59554	-0.33611	0.77418	-0.47032	0.74131	-0.04798	0.66085	-0.05291	0.68764	-0.34998	1.00005	-0.03501	0.96924	0.17378	0.88444	0.00628	0.6836	0.23431	0.96403	0.05736	0.56789	0.12866	1.0793	0.30721	0.89956	-0.20123	1.06397	-0.12288	1
0.34794	0.62243	-0.09103	0.67472	-0.31058	0.78003	-0.26608	0.85601	-0.3416	0.86765	-0.24702	0.86937	-0.04064	0.92228	-0.18411	0.95431	0.0101	0.94041	0.16261	0.96749	0.14633	0.94203	0.30007	0.9492	0.16676	0.76245	0.21597	0.96051	0.21573	1.02916	0.00671	1.08189	0.06969	1
0.34794	0.61415	-0.10129	0.63671	-0.32152	0.81533	-0.29509	0.87561	-0.32424	0.82531	-0.27764	0.84404	-0.09403	0.912	-0.18706	0.91651	0.04762	0.92365	0.07312	0.94677	0.13215	0.88151	0.22539	0.94	0.20279	0.74244	0.17264	0.94247	0.09907	1.00104	0.01599	1.10512	-0.04324	1
0.34794	0.53191	-0.13805	0.73126	-0.29465	0.82576	-0.29922	0.68159	-0.37252	0.74722	-0.38032	0.78724	-0.21778	0.86075	-0.25401	0.86059	-0.01051	0.71589	-0.20277	0.90287	0.00744	0.92598	0.06485	0.88921	0.09872	0.67769	-0.01466	0.78381	-0.28441	1.06338	-0.06577	1.00383	-0.37774	1
0.34794	0.41341	0.20605	0.26028	-0.38497	0.66707	-0.07059	0.74435	-0.56368	0.55221	-0.17837	0.65234	-0.19586	0.68695	-0.17818	0.7697	-0.08469	0.81804	-0.02143	0.78797	-0.19916	0.57563	0.19214	0.80998	-0.15724	0.52272	0.03876	0.70088	0.0411	0.70861	-0.12264	0.97247	-0.16226	1